	#_of_exp	#_of_exp(fc<0)	EG_score	empirical_pVal
AARS	101	64	-5.362549612459258	0.00126
ABCB6	101	71	-5.41032240342485	0.0007
ABCC5	101	46	-1.2952049995057129	0.26611
ABCF1	101	54	-5.184827676472094	0.00456
ABCF3	101	59	-0.9169257229174991	0.3061
ABHD4	101	45	-4.266923179066218	0.02359
ABHD6	101	64	-5.484162841927244	0.00105
ABL1	101	48	-3.9485587185926883	0.02879
ACAA1	101	46	-0.34400917436801526	0.43261
ACAT2	101	47	-1.6009391976742913	0.21539
ACBD3	101	52	-4.495019630558241	0.01251
ACD	101	44	-0.41056507429319994	0.42342
ACLY	101	49	-8.352092357431241	7e-05
ACOT9	101	38	-2.4209568085759265	0.14493
ADAM10	101	61	-0.9003470632853613	0.30785
ADAT1	101	44	-8.248541437659812	0.00019
ADCK3	101	48	-1.1421257636645723	0.28498
ADH5	101	52	-0.7516791271576401	0.35305
ADI1	101	41	-3.047218775963013	0.08391
ADO	101	83	-3.827171274551109	0.00648
ADRB2	101	59	-2.6017358655962317	0.07751
AGL	101	64	-4.931672570476413	0.00282
AKAP8	101	59	-2.4031538506919157	0.09398
AKAP8L	101	50	0.4574476692081949	0.59224
AKR7A2	101	27	-4.162583555922327	0.06765
AKT1	101	55	-4.947001642956743	0.00566
ALAS1	101	32	0.22168416096475824	0.53383
ALDH7A1	101	59	-2.3069723745809254	0.10305
ALDOA	101	55	-1.9894268949007212	0.14712
ALDOC	101	39	-7.613656502031051	0.001
AMDHD2	101	40	-1.3351323011765708	0.27047
ANKRD10	101	58	-0.6639864219745526	0.35939
ANO10	101	68	-5.040318557926963	0.00199
ANXA7	101	49	-4.573934506340956	0.01338
APBB2	101	51	1.8069813225767497	0.82127
APOE	101	58	2.670353089907597	0.92475
APP	101	34	-0.2519629706318044	0.45892
APPBP2	101	29	-5.8110728140876065	0.01966
ARFIP2	101	58	-0.8372567469916407	0.32491
ARHGAP1	101	56	-4.39207947730221	0.01084
ARHGEF12	101	52	-3.8825789177244476	0.02615
ARHGEF2	101	60	-7.75859276416283	1e-05
ARID4B	101	30	-1.0621681735803226	0.33382
ARID5B	101	36	0.21552231469608524	0.53693
ARL4C	101	34	-2.385636153883287	0.16096
ARNT2	101	33	0.4921258693391602	0.58124
ARPP19	101	67	-5.903035049408414	0.00041
ASAH1	101	28	-0.6709248070366959	0.39599
ASCC3	101	77	-8.950338381708383	1e-05
ATF1	101	64	-7.040880050529289	7e-05
ATF5	101	72	-9.383444162985713	1e-05
ATF6	101	55	-5.699712383404831	0.00187
ATG3	101	61	-4.480678705821213	0.00764
ATMIN	101	39	-4.108228640022632	0.03741
ATP11B	101	37	-0.38365570598019766	0.43364
ATP1B1	101	80	-3.7619371888373325	0.00919
ATP2C1	101	30	-2.621578129797984	0.15394
ATP5S	101	39	-3.013164088186753	0.09191
ATP6V0B	101	54	-9.800516198050857	1e-05
ATP6V1D	101	23	2.8470214381356103	0.83622
AURKA	101	72	-7.9649830803727415	1e-05
AURKB	101	69	-5.9035993389930255	0.00031
AXIN1	101	60	-2.5272518652987714	0.08508
B3GNT1	101	55	-2.508211449182468	0.09275
BACE2	101	59	3.6610337501835235	0.97508
BAD	101	53	-3.184808663409517	0.05198
BAG3	101	59	-7.840302182786026	5e-05
BAMBI	101	48	-1.8946392591410566	0.17426
BAX	101	38	0.24885643688876025	0.54417
BCL2	101	69	-3.969026556386088	0.01011
BCL7B	101	78	-6.794150514373726	2e-05
BDH1	101	64	-7.072508597036159	6e-05
BECN1	101	58	-2.5084963497620145	0.08916
BHLHE40	101	71	-1.4788010099207718	0.18692
BID	101	51	2.2718062912592947	0.8762
BIRC2	101	62	-5.085833416175985	0.0026
BIRC5	101	73	-9.723930282589691	1e-05
BLCAP	101	44	-3.455094097456085	0.05504
BLMH	101	77	-5.609161367309156	0.00031
BLVRA	101	42	-4.162027690562443	0.0308
BMP4	101	45	1.1930822182934258	0.71871
BNIP3	101	36	-2.5993604144567297	0.13522
BNIP3L	101	26	-3.2644314964327528	0.1206
BPHL	101	44	0.44528150346823003	0.5864
BRCA1	101	75	-10.71496275132281	1e-05
BRP44	101	64	-6.902194749346322	8e-05
BTK	101	64	-3.3169560412760095	0.03112
BUB1B	101	72	-8.335862503494766	1e-05
BZW2	101	83	-5.143656116604809	0.00052
C2CD2	101	65	-2.263169791821372	0.09814
C2CD2L	101	73	-6.243701412451196	8e-05
C5	101	60	1.3729422364932269	0.77515
CAB39	101	43	-2.122609747115848	0.16006
CALM3	101	51	-4.977478425846966	0.00773
CALU	101	51	-9.363759799213526	1e-05
CAMSAP2	101	34	1.0117935633451522	0.6668
CANT1	101	44	-2.4592560712084146	0.12259
CAPN1	101	62	-1.6804194178014642	0.17254
CASC3	101	52	-2.8639309677527187	0.07376
CASK	101	56	-10.612672004139425	1e-05
CASP10	101	46	5.188258805420596	0.99092
CASP2	101	72	-8.400026425786281	1e-05
CASP3	101	58	-3.029978621473427	0.05255
CASP7	101	79	-8.372935405597655	1e-05
CAST	101	21	-2.0150009006018044	0.24971
CAT	101	36	-11.490569247869084	6e-05
CBLB	101	31	-3.0723563013942194	0.11546
CBR1	101	67	-7.401267580390827	2e-05
CBR3	101	59	-10.318185556477655	1e-05
CCDC85B	101	72	-4.812404099357273	0.00213
CCDC86	101	62	-4.0234775074783276	0.01288
CCDC90A	101	51	-1.9084454068436045	0.16831
CCDC92	101	56	-1.7337340111456394	0.17871
CCL2	101	50	0.25642532086469205	0.55125
CCNA1	101	74	3.4328257571925183	0.98134
CCNA2	101	80	-10.586332115856182	1e-05
CCNB1	101	57	-0.8644566099912421	0.31676
CCNB2	101	69	-7.534197196808782	2e-05
CCND1	101	70	-8.111723553695757	1e-05
CCND3	101	63	-12.161153282725486	1e-05
CCNE2	101	66	-8.035449810756571	1e-05
CCNF	101	63	-7.899385457518861	1e-05
CCNH	101	62	-10.37813571108495	1e-05
CCP110	101	76	-8.576793589016884	1e-05
CD320	101	31	-3.475148463917452	0.08994
CD40	101	42	1.4126327150518894	0.74529
CD44	101	31	0.5345584925545243	0.5852
CD58	101	50	-3.0208431466425574	0.06736
CD97	101	54	0.017014545386169425	0.50184
CDC20	101	68	-3.9417795782277203	0.01077
CDC25A	101	80	-10.702000485292738	1e-05
CDC25B	101	49	-3.56634375308572	0.04064
CDC42	101	66	-8.870387351472413	1e-05
CDC45	101	58	-11.463361885539438	1e-05
CDCA4	101	81	-10.11851734101752	1e-05
CDH3	101	43	-1.089043491650376	0.30218
CDK1	101	77	-11.294556607266832	1e-05
CDK19	101	63	-4.608371210198449	0.00578
CDK2	101	75	-10.445912231651347	1e-05
CDK4	101	73	-7.787321218870704	1e-05
CDK5R1	101	83	-1.4935509885862093	0.16702
CDK6	101	61	-2.514081581844142	0.08263
CDK7	101	41	-2.929516980359737	0.09216
CDKN1A	101	43	-14.485058058627994	1e-05
CDKN1B	101	24	-3.339350545112952	0.12238
CDKN2A	101	33	1.7349650041561613	0.76177
CEBPA	101	68	-3.885391554772293	0.01175
CEBPD	101	37	-1.5297945202107275	0.25157
CEBPZ	101	65	-3.3758260108917426	0.02851
CENPE	101	80	-7.3285373508336065	1e-05
CEP57	101	35	-1.1848893960291258	0.3038
CERK	101	39	-1.030626050524146	0.32134
CETN3	101	65	-11.8700199609659	1e-05
CFLAR	101	50	-5.400888070808444	0.00463
CGRRF1	101	56	-6.40077024582695	0.00063
CHAC1	101	59	-4.330171478241714	0.01045
CHEK1	101	74	-8.140197811399869	1e-05
CHEK2	101	62	-10.699389180496016	1e-05
CHERP	101	66	-3.513666397117895	0.0222
CHIC2	101	60	-0.2192026898741335	0.44917
CHMP4A	101	28	-2.1540109648912846	0.20517
CHMP6	101	75	-4.736144677712861	0.00197
CHN1	101	30	0.4914590707377326	0.57837
CHP	101	34	-0.4669085194045916	0.42298
CIAPIN1	101	58	-8.68936481948942	2e-05
CIRBP	101	28	-4.837283959105816	0.0415
CISD1	101	58	-9.580974841601002	1e-05
CLIC4	101	52	-13.152717852495432	1e-05
CLPX	101	56	-4.337804337762257	0.01174
CLSTN1	101	33	-4.161912594782987	0.05043
CLTB	101	34	-3.9103503315092087	0.05844
CLTC	101	52	-2.84677158953915	0.07496
CNDP2	101	20	3.1723026986973517	0.84369
CNOT4	101	60	-6.292616784298815	0.00045
CNPY3	101	48	-1.8586122006567225	0.17834
COASY	101	75	-7.4247567372301235	2e-05
COG2	101	61	-4.584144180841716	0.00659
COG4	101	45	-1.8289418737954752	0.19128
COG7	101	49	-2.6914070655598	0.09292
COL1A1	101	56	-2.4401568594619834	0.09834
COL4A1	101	33	-3.626409186674536	0.0744
COPB2	101	53	-3.903434254136596	0.02389
COPS7A	101	42	-5.708970235461592	0.00631
CORO1A	101	47	-0.014998829081063682	0.49624
CPNE3	101	43	-5.117613674365648	0.01135
CPSF4	101	63	-2.562463196156532	0.07448
CREB1	101	43	-3.017848686554568	0.08251
CREG1	101	24	-1.404368180800055	0.30469
CRELD2	101	65	-2.625511970359522	0.06732
CRK	101	44	-3.2121356328454627	0.06772
CRKL	101	50	-3.206428596902358	0.05645
CRTAP	101	61	-1.5805118538350929	0.19088
CRYZ	101	42	-8.275316567298583	0.00019
CSK	101	67	-3.2266746634101287	0.03105
CSNK1A1	101	48	-2.8509469731354358	0.08209
CSNK1E	101	64	-1.3411356625669266	0.22209
CSNK2A2	101	26	0.0473253749846143	0.50805
CSRP1	101	42	-1.1621475270969366	0.29445
CTNNAL1	101	57	-6.283514802235535	0.0007
CTNND1	101	32	1.5070706576177577	0.73135
CTSD	101	26	0.5874398163616511	0.5886
CTSL1	101	35	-3.944726127338902	0.05257
CTTN	101	70	-3.3932695044520202	0.02186
CXCL2	101	67	-2.8092526769633097	0.0527
CXCR4	101	49	2.530914262736776	0.89719
CYB561	101	20	7.265528039338446	0.98086
CYCS	101	48	-2.080455290031006	0.1517
CYTH1	101	61	-4.266459827141127	0.01022
DAG1	101	59	-8.70732754085878	1e-05
DAXX	101	72	-2.6110613504620503	0.06008
DCK	101	59	-11.154021635390116	1e-05
DCTD	101	46	-3.4543421557917773	0.05081
DCUN1D4	101	78	-6.713211020175498	2e-05
DDB2	101	66	-8.510645302167406	1e-05
DDIT4	101	43	-15.882438052479532	1e-05
DDR1	101	59	0.09254728364531117	0.51932
DDX10	101	52	-0.793179765872876	0.34536
DDX42	101	36	-2.4823475753879385	0.14645
DECR1	101	24	-5.299571283439167	0.03957
DENND2D	101	55	-3.0938186656223654	0.05299
DERA	101	49	-3.0468686589175094	0.06754
DFFA	101	43	-1.3643456573071036	0.25821
DFFB	101	58	-1.460763362702372	0.21467
DHDDS	101	57	1.1802265830826546	0.73613
DHRS7	101	41	3.2714605870419007	0.92899
DHX29	101	58	-6.829242303511492	0.00017
DLD	101	32	6.834728732141905	0.9938
DMTF1	101	37	1.9097213623442004	0.79808
DNAJA3	101	17	3.7411888831850373	0.85926
DNAJB1	101	68	-9.886684143224922	1e-05
DNAJB2	101	49	-1.944742957968088	0.16727
DNAJB6	101	40	0.2029629775489426	0.53776
DNAJC15	101	47	-6.2497380319987315	0.00202
DNM1	101	48	-1.1813849208376521	0.27872
DNM1L	101	42	3.5728878692901382	0.94708
DNMT1	101	78	-10.419142689519532	1e-05
DNMT3A	101	24	-1.398847605699708	0.30529
DNTTIP2	101	74	-6.2368592067501964	7e-05
DPH2	101	84	-7.911241658185854	1e-05
DRAP1	101	63	-1.5234359912251616	0.19333
DSG2	101	35	-2.4014420526195295	0.15459
DUSP11	101	30	0.561625980633204	0.58893
DUSP14	101	66	-8.15067649690623	1e-05
DUSP22	101	45	-5.755494709814848	0.00465
DUSP3	101	53	-3.3396374714256902	0.04437
DUSP4	101	46	-0.6029694540340272	0.38426
DUSP6	101	42	0.9634614826364666	0.67485
DYNLT3	101	55	-4.266880510181361	0.01408
DYRK3	101	72	1.6135573517895352	0.83515
E2F2	101	65	-3.5641163888967387	0.02245
EAPP	101	38	-4.9468548467559605	0.01892
EBNA1BP2	101	57	-9.603445367979447	1e-05
EBP	101	67	-10.382742197492517	1e-05
ECD	101	67	-5.9554904831668996	0.00036
ECH1	101	37	-3.8921426620914357	0.05098
EDEM1	101	57	-3.400314260682606	0.03533
EDN1	101	37	-1.9447621047148878	0.19875
EED	101	66	-10.333553908529533	1e-05
EGF	101	47	-9.24137199768759	3e-05
EGFR	101	73	-3.603688665280951	0.01598
EGR1	101	69	0.7744624616740872	0.6756
EIF4EBP1	101	69	-10.11139716801641	1e-05
EIF4G1	101	75	-7.208180244061466	2e-05
EIF5	101	30	2.984148010655205	0.87578
ELAC2	101	48	-2.5036873179198413	0.10993
ELAVL1	101	75	-9.466629165712538	1e-05
ELOVL6	101	61	-9.575299085800319	1e-05
EML3	101	48	-1.7553754938832022	0.1919
ENOPH1	101	33	7.730675730789568	0.99789
ENOSF1	101	57	-4.218533278785003	0.01317
EPB41L2	101	66	-5.545693005267085	0.00089
EPHA3	101	55	2.4705536634419056	0.9028
EPHB2	101	67	-4.852987566157476	0.00284
EPN2	101	59	-1.346081913277863	0.22841
EPRS	101	63	-11.210332269260773	1e-05
ERBB2	101	37	-4.295361470018781	0.03606
ERBB3	101	28	-3.3381656399751063	0.10828
ERO1L	101	64	-7.273828920939817	3e-05
ETFB	101	58	-7.57047273701566	4e-05
ETS1	101	43	-3.241681249300861	0.06856
ETV1	101	40	-4.922678773894457	0.01719
EVL	101	50	-0.5002372852455885	0.40116
EXOSC4	101	78	-2.6858703236737473	0.04676
EXT1	101	31	-0.2603657862361389	0.45894
EZH2	101	83	-10.400181868652503	1e-05
FAH	101	51	-9.467556210012111	1e-05
FAIM	101	52	-3.855788480083594	0.0269
FAM20B	101	64	-6.233990411588288	0.00024
FAM57A	101	53	-4.726638305466916	0.00888
FAM63A	101	40	0.1138153397031549	0.52142
FAM69A	101	27	3.0953777748715865	0.87173
FAS	101	61	-4.058347764144772	0.0137
FASTKD5	101	41	0.38878752113139825	0.57104
FAT1	101	53	-2.9204365933861034	0.06752
FBXL12	101	43	-0.2804196737157507	0.44446
FBXO11	101	75	-6.9133766650965045	4e-05
FBXO21	101	25	-1.3702111709193414	0.31024
FBXO7	101	55	-2.505143920900594	0.09301
FCHO1	101	32	-4.087923012444853	0.05645
FDFT1	101	37	-11.269155295910778	2e-05
FEZ2	101	83	-3.240713406442769	0.01795
FGFR2	101	37	2.536166531012649	0.86292
FGFR4	101	71	-1.6706135989860884	0.158
FHL2	101	51	2.8612126746792743	0.9255
FIS1	101	35	-1.8083369672665448	0.21911
FKBP14	101	73	-8.545724892130304	1e-05
FKBP4	101	39	-2.085476967056649	0.17508
FOS	101	36	0.6452792082862013	0.61034
FOSL1	101	60	0.42665476847289757	0.59235
FOXJ3	101	49	-0.0595119679066184	0.49043
FOXO3	101	37	-2.3181311165632437	0.1585
FOXO4	101	37	-1.6632222226446793	0.23385
FPGS	101	54	-2.369925525734671	0.10853
FRS2	101	40	-3.3188608204643684	0.07081
FSD1	101	29	0.1471071177676192	0.52449
FUT1	101	47	-1.5959503370376509	0.21612
FYN	101	61	1.578757924948237	0.81115
FZD1	101	42	-1.7028398865893581	0.21501
FZD7	101	81	1.9541359523215818	0.8939
G3BP1	101	58	-6.207464267064524	0.0006
GAA	101	53	-1.139858853816553	0.27704
GABPB1	101	70	-9.401820770307951	1e-05
GADD45A	101	38	-3.0485376771640427	0.09301
GADD45B	101	49	-1.6856892672722537	0.20018
GALE	101	65	-8.487221384421163	1e-05
GAPDH	101	62	-2.0344914890802897	0.12694
GATA2	101	47	-2.732668210745389	0.0925
GATA3	101	72	0.5206725534726413	0.62252
GDPD5	101	44	1.3309808701642023	0.73592
GFOD1	101	74	-2.0972637744384426	0.10075
GFPT1	101	57	-4.407043427476308	0.01026
GHR	101	69	-2.0652316255691434	0.11149
GLI2	101	71	0.028160029334991028	0.50273
GLOD4	101	46	-4.760441542298136	0.01368
GLRX	101	59	-2.8872433609624424	0.05892
GMNN	101	59	-12.408702441061616	1e-05
GNA11	101	55	-3.331420103075706	0.04088
GNA15	101	33	1.538295417981688	0.73683
GNAI1	101	59	-3.8594249320887513	0.01968
GNAI2	101	45	-0.7915197228231451	0.35241
GNAS	101	20	-2.4336441542700022	0.21399
GNB5	101	50	-4.029730931648828	0.02409
GNPDA1	101	38	-0.9266406776626397	0.34036
GOLT1B	101	49	0.2323705208687415	0.54786
GPATCH8	101	80	-1.126558895380537	0.2378
GPC1	101	32	-1.5062507650884867	0.26821
GPER	101	47	0.5697495232746278	0.60998
GPR56	101	58	-0.44092592108883993	0.40583
GRB10	101	38	-2.635976007426469	0.12513
GRB7	101	33	1.4648991396670272	0.72673
GRN	101	22	0.34756636439728267	0.54982
GRWD1	101	69	-7.494584746610403	3e-05
GSTM2	101	62	-3.769247857041679	0.0183
GSTZ1	101	20	-0.47152694268151873	0.43514
GTF2A2	101	57	-7.75299629844652	7e-05
GTF2E2	101	40	-4.367272402401216	0.02941
GTPBP8	101	52	-4.362184646702273	0.01461
H2AFV	101	55	-3.115789741485849	0.05195
HADH	101	45	-6.1872004691557825	0.0028
HAT1	101	73	-9.117885660457544	1e-05
HDAC2	101	81	-10.200295270191369	1e-05
HDAC6	101	33	-0.17032847348971306	0.47178
HDGFRP3	101	50	-4.86999198408182	0.00908
HEATR1	101	36	-4.231582650860171	0.03974
HEBP1	101	50	-0.16403404549233325	0.46727
HERC6	101	44	-0.2907852836200047	0.4464
HERPUD1	101	39	-4.570471600377199	0.02538
HES1	101	70	-0.9547290033980367	0.28369
HIF1A	101	30	0.682262915897001	0.60767
HIST1H2BK	101	19	7.193253794451139	0.97724
HIST2H2BE	101	25	-1.0082656010609372	0.35736
HK1	101	56	-5.966072893270714	0.00122
HLA-DMA	101	50	-1.9124795195037092	0.16934
HLA-DRA	101	64	-1.2236531291586112	0.24302
HMG20B	101	27	1.504072961529947	0.71401
HMGA2	101	62	-3.0409844607652365	0.04487
HMGCR	101	49	-6.871849022777402	0.00075
HMGCS1	101	48	-6.80076818326946	0.00094
HMOX1	101	48	-4.4930053308799485	0.01663
HN1L	101	62	-11.923866726038705	1e-05
HOMER2	101	46	-1.0126645954378866	0.31169
HOOK2	101	46	-0.14047408720499188	0.47042
HOXA10	101	80	-6.543681381888625	3e-05
HOXA5	101	59	-2.7383683424041725	0.06798
HPRT1	101	59	-6.955277205437164	0.00017
HS2ST1	101	70	-2.113771508231608	0.10318
HSD17B10	101	60	-6.15743082998852	0.00056
HSD17B11	101	38	-1.719441956949452	0.22366
HSPA1A	101	72	-2.2595321602700538	0.08755
HSPA4	101	61	-5.333154215158303	0.00199
HSPA8	101	42	-4.868663563870282	0.01533
HSPB1	101	70	-8.314642117475506	1e-05
HSPD1	101	69	-8.058493907275077	1e-05
HTATSF1	101	34	-3.2840139639546555	0.09012
HTRA1	101	32	-1.6677041864107436	0.2472
HYOU1	101	46	-1.7522001608173028	0.19934
IARS2	101	24	2.6218991681639148	0.81944
ICAM1	101	72	-3.7746037463391313	0.01247
ICAM3	101	67	-8.107603350813468	1e-05
ICMT	101	71	-10.398695739409938	1e-05
ID2	101	67	0.7711365018118643	0.67344
IDE	101	64	-6.380585360955855	0.00022
IER3	101	48	-2.9345718243080063	0.0762
IFNAR1	101	34	-1.7631102200852193	0.23018
IFRD2	101	52	-1.7839971696598886	0.18263
IGF1R	101	54	-4.7307520295048375	0.00801
IGF2BP2	101	70	-1.6031095896170136	0.16883
IGF2R	101	42	-4.192681865877573	0.03002
IGFBP3	101	51	0.9281062864738395	0.68391
IGHMBP2	101	54	1.8638866580740596	0.83568
IKBKAP	101	43	-6.306364486413867	0.00279
IKBKB	101	30	-2.6960610221150323	0.14744
IKBKE	101	81	-4.050415678250569	0.00469
IKZF1	101	70	4.062689081471177	0.99167
IL13RA1	101	31	-1.477029460049979	0.2759
IL1B	101	32	-0.1691105742818668	0.47131
IL4R	101	28	-1.5443244422840197	0.27433
ILK	101	36	-2.2505689216334694	0.16971
INPP1	101	60	0.4801379434264031	0.60364
INPP4B	101	78	-5.078509889760933	0.00087
INSIG1	101	44	-5.504466991702422	0.00677
INTS3	101	56	-3.6397949910448717	0.02817
IPO13	101	43	-0.16359956020842328	0.46579
IQGAP1	101	31	-5.122230804881279	0.02772
ISOC1	101	26	2.5556392211422527	0.8244
ITFG1	101	31	1.878186616357688	0.77612
ITGAE	101	63	-9.828315727961774	1e-05
ITGB1BP1	101	27	3.851812109985013	0.9183
ITGB5	101	55	-1.7901017190094	0.17237
JMJD6	101	31	2.0319009710729175	0.7932
JUN	101	34	-5.049537201187756	0.02365
KAT6A	101	50	-1.3758225263009187	0.24441
KAT6B	101	37	-1.2219415857224527	0.29593
KCNK1	101	66	-5.601803787907938	0.00084
KCTD5	101	79	-5.107768802430588	0.00074
KDELR2	101	68	-11.214730221702748	1e-05
KDM3A	101	38	-1.5585116205738676	0.24451
KDM5A	101	52	-1.3146098714508463	0.253
KDM5B	101	37	-3.1689224215140825	0.08877
KEAP1	101	57	-1.4498629192260732	0.21513
KIAA0100	101	67	-7.333039569148353	2e-05
KIAA0196	101	24	-0.6813123124417602	0.40177
KIAA0355	101	59	-1.3767865974793385	0.22325
KIAA0494	101	25	-0.18892197874218356	0.47372
KIAA0528	101	35	1.558459561206044	0.74399
KIAA0753	101	57	-0.6701760255117977	0.35503
KIAA0907	101	47	-2.548078061950283	0.10732
KIAA1033	101	41	0.48738411877403154	0.58881
KIAA1279	101	37	-6.087123998959366	0.00697
KIF14	101	83	-6.514639553302748	2e-05
KIF20A	101	82	-7.699705217719053	1e-05
KIF2C	101	50	-0.14172050932133476	0.47171
KIF5C	101	51	-0.32116262381784516	0.43531
KIT	101	51	-0.31035443736809076	0.43767
KLHDC2	101	30	-4.2309605945666044	0.05589
KLHL21	101	65	-0.5819549595398557	0.36771
KLHL9	101	54	-3.7871515761122545	0.02522
KTN1	101	52	-3.797057855192979	0.02863
LAGE3	101	60	-8.993611497133474	1e-05
LAMA3	101	50	-4.278107270351744	0.01807
LAP3	101	21	5.1514137233544375	0.94346
LBR	101	81	-10.228315691885054	1e-05
LGALS8	101	28	-1.345811156050117	0.29942
LGMN	101	36	-3.0548733308369123	0.09991
LIG1	101	65	-10.06057926441804	1e-05
LIPA	101	53	-9.199727900837939	1e-05
LOXL1	101	53	-2.2121149245178886	0.1262
LPAR2	101	53	-1.2945114808109857	0.25078
LPGAT1	101	48	-5.688319017957724	0.00409
LRP10	101	34	-0.6700475589411395	0.38944
LRPAP1	101	34	-2.9165297555972955	0.11529
LRRC16A	101	55	-6.87592630516374	0.00021
LRRC41	101	42	-2.7029713534734476	0.10797
LSM5	101	32	5.355911860885579	0.97851
LSM6	101	77	-10.415231731888477	1e-05
LSR	101	52	0.6375285589924297	0.63145
LYN	101	57	-2.614020711331279	0.08109
LYPLA1	101	48	-2.620459911639728	0.10007
LYRM1	101	56	-3.124370078773859	0.05001
MACF1	101	60	-0.5260288644128921	0.38623
MALT1	101	62	-8.962217234606713	1e-05
MAMLD1	101	65	-0.04373269149523378	0.48881
MAN2B1	101	20	0.2769504605486566	0.53597
MAP2K5	101	62	-2.270331373536069	0.10167
MAP3K4	101	67	-3.7385900295165175	0.01586
MAP4K4	101	64	-4.776391208333615	0.00374
MAP7	101	47	-2.3438515534016413	0.12677
MAPK13	101	48	-0.3216280005979269	0.43387
MAPK1IP1L	101	54	-10.45009395557632	1e-05
MAPK9	101	53	-3.7980670740974887	0.0268
MAPKAPK2	101	64	-3.414875822926041	0.02733
MAPKAPK3	101	68	-2.5014254177683846	0.07204
MAPKAPK5	101	84	-5.661702401599803	0.00014
MAST2	101	73	-2.187046356860356	0.0945
MAT2A	101	59	-4.1915198497906685	0.01252
MBNL1	101	68	-10.230866299522628	1e-05
MBNL2	101	67	-5.990119781068354	0.00033
MBOAT7	101	33	-0.7587576702321422	0.37522
MBTPS1	101	45	-4.3849957616131485	0.02098
MCM3	101	71	-10.680561392143826	1e-05
MCOLN1	101	78	-2.089561678381904	0.09496
ME2	101	47	-2.9870128778242915	0.0744
MEF2C	101	77	-1.0869003151273293	0.24901
MELK	101	84	-10.515370682651735	1e-05
MEST	101	30	0.4992412021332669	0.57949
METRN	101	53	-2.780610459524425	0.0767
MFSD10	101	46	-1.2264119166209992	0.27697
MICALL1	101	75	-4.554634126223215	0.00268
MIF	101	82	-7.7053604303408765	1e-05
MKNK1	101	27	-2.0055335708146993	0.22425
MLEC	101	56	-8.67532205236265	3e-05
MLLT11	101	50	1.1630003916635607	0.72237
MMP1	101	60	2.995964225902384	0.95117
MMP2	101	36	-1.8573401093939028	0.21502
MNAT1	101	65	-7.651643002962874	3e-05
MOK	101	53	-1.626703001022268	0.19947
MPZL1	101	49	-6.380757401046497	0.00148
MRPL12	101	74	-6.895067334845311	4e-05
MRPL19	101	59	-10.715874530596759	1e-05
MRPS16	101	45	-0.9221095525515943	0.32865
MRPS2	101	59	-1.7144075848705889	0.17256
MSH6	101	63	-10.520665108877914	1e-05
MSRA	101	65	-6.5397238507016136	0.00011
MTA1	101	39	0.5861113976083522	0.60477
MTERFD1	101	39	-2.7717584539289746	0.11044
MTF2	101	47	-1.451948209928091	0.23773
MTFR1	101	28	-3.2396115214518644	0.1146
MTHFD2	101	62	-10.184266707783364	1e-05
MUC1	101	69	-1.1914002464570477	0.2393
MVP	101	33	-0.9305743432966331	0.34936
MYBL2	101	68	-11.063835642587424	1e-05
MYC	101	57	-4.649065194288351	0.00745
MYCBP	101	61	-13.0801363090686	1e-05
MYCBP2	101	47	-4.9104987544117655	0.01075
MYL9	101	42	-1.349877188844928	0.26509
MYLK	101	64	0.6922247163930446	0.65304
MYO10	101	48	-8.360985580014253	0.00012
NARFL	101	60	1.100659356557193	0.72732
NCAPD2	101	69	-5.472398868667882	0.0007
NCK1	101	23	-1.164394282423086	0.34112
NCK2	101	45	-4.3633874172420075	0.02139
NCOA3	101	26	-1.2020511563876348	0.32809
NENF	101	11	-2.498392692924259	0.26627
NET1	101	42	-7.673766759247065	0.00048
NFATC3	101	61	2.6310805952582075	0.92832
NFATC4	101	29	-1.8109644860305882	0.24393
NFE2L2	101	51	-3.063114030198357	0.06106
NFIL3	101	56	-10.154436124083887	1e-05
NFKB2	101	46	-4.523495067858711	0.01755
NFKBIA	101	71	-1.588467215849093	0.17
NFKBIB	101	63	-6.779289865125794	9e-05
NFKBIE	101	40	0.5142211061675844	0.59428
NGRN	101	68	-2.4529640085619393	0.07576
NIPSNAP1	101	47	-10.519706343083412	1e-05
NISCH	101	54	-2.1557815142185497	0.13013
NIT1	101	34	0.28537681649254687	0.55034
NMT1	101	58	-3.333827132586758	0.03795
NNT	101	65	-4.8587180341641805	0.0031
NOL3	101	47	-1.9165530125037018	0.17475
NOLC1	101	74	-7.863032617688785	1e-05
NOS3	101	29	2.3098717116972485	0.81444
NOSIP	101	53	-3.17336256492408	0.05266
NOTCH1	101	48	0.5398821777518643	0.6051
NPC1	101	60	-1.0189102694923031	0.28729
NPDC1	101	26	-6.002294301100811	0.02209
NPEPL1	101	33	-1.5020794844529803	0.26812
NPRL2	101	42	0.5231150683623186	0.5973
NR1H2	101	53	0.7033688576673294	0.64324
NR2F6	101	47	-2.1710688979033144	0.14549
NR3C1	101	60	1.33675068661857	0.76892
NRAS	101	51	-7.751248607237244	9e-05
NRIP1	101	51	-3.7761830518550266	0.02972
NSDHL	101	69	-8.468373404999486	1e-05
NT5DC2	101	76	-6.652050923938594	2e-05
NUCB2	101	50	-7.789700887258642	0.00013
NUDCD3	101	39	-4.711082602652499	0.02208
NUDT9	101	29	-3.0353550534553886	0.12504
NUP133	101	61	-4.255913750108881	0.01037
NUP62	101	74	-8.870825371313659	1e-05
NUP85	101	50	2.8472908798972933	0.92174
NUP88	101	64	-6.408001271037789	0.00022
NUP93	101	67	-11.124433238747768	1e-05
NUSAP1	101	59	-5.852244926273015	0.00108
NVL	101	18	5.04773743856864	0.92632
ORC1	101	32	-0.014542483579239223	0.49659
OXA1L	101	39	-0.06061374472004489	0.48937
OXCT1	101	40	-2.8062801105561244	0.10461
OXSR1	101	75	-3.4683635492121963	0.01692
P4HA2	101	57	-4.887107253019833	0.00528
P4HTM	101	39	-0.9294891875149421	0.3376
PACSIN3	101	37	-0.7050072494131766	0.37769
PAF1	101	30	-2.871544238589459	0.13302
PAFAH1B1	101	34	-1.702197373891678	0.23747
PAFAH1B3	101	72	-8.107496460289871	1e-05
PAICS	101	72	-9.01172884582936	1e-05
PAK1	101	64	-2.373332364798204	0.08956
PAK4	101	64	-6.154453409136041	0.00026
PAK6	101	73	-3.8942137968358925	0.01041
PAN2	101	34	-3.3181697619294077	0.08819
PAPD7	101	33	-2.1337940391195245	0.19108
PARP1	101	51	-7.973622100382008	8e-05
PARP2	101	53	-6.073866775752523	0.00131
PAX8	101	83	-2.1962941958915154	0.07768
PCBD1	101	57	-5.619050486692729	0.00176
PCCB	101	31	4.397856971145314	0.95412
PCK2	101	63	-10.993888399090507	1e-05
PCM1	101	46	-8.236862055235587	0.00018
PCMT1	101	47	-4.5403755063080915	0.01613
PCNA	101	53	-6.633316136764434	0.00053
PDGFA	101	68	-3.959693089976423	0.01053
PDHX	101	29	5.270613110179008	0.97148
PDIA5	101	44	-3.2709942862190378	0.06445
PDLIM1	101	60	-4.1966441979450355	0.01145
PDS5A	101	55	-5.187813867790188	0.00398
PECR	101	45	-4.673650704751744	0.01549
PEX11A	101	76	-2.7405652865014374	0.0445
PFKL	101	56	-0.5702004692138528	0.38031
PGAM1	101	31	11.70726458091473	0.99995
PGM1	101	47	-3.593428716777073	0.04244
PGRMC1	101	58	-7.798866417110948	3e-05
PHF15	101	68	-0.3063750040945362	0.42855
PHGDH	101	63	-10.866505706731163	1e-05
PHKA1	101	40	-5.394592188043523	0.01083
PHKB	101	48	-6.331058634414163	0.0018
PHKG2	101	57	-4.425116824164512	0.01001
PIGB	101	48	3.9631650349907446	0.97182
PIH1D1	101	64	-4.852698121046202	0.00325
PIK3C2B	101	65	-6.643342361415934	8e-05
PIK3C3	101	52	-2.4435763554709085	0.10733
PIK3CA	101	27	-1.8652498306226477	0.23997
PIK3R3	101	60	-11.323078569520792	1e-05
PIK3R4	101	59	-8.02231114807206	3e-05
PIN1	101	28	6.407172960546672	0.98698
PIP4K2B	101	65	-4.895069737964598	0.00292
PKIG	101	46	-1.4875941761985683	0.23637
PLA2G15	101	57	-3.5425779782031603	0.02991
PLA2G4A	101	28	0.1357276194059271	0.52159
PLCB3	101	69	3.2597977906298694	0.97191
PLEKHJ1	101	64	-4.885109963873662	0.00305
PLEKHM1	101	26	-0.16112269157975875	0.47677
PLK1	101	71	-9.243369991353342	1e-05
PLOD3	101	58	-0.5380964109424813	0.38605
PLP2	101	27	-3.4178112096932365	0.10699
PLS1	101	63	-6.885411380734078	7e-05
PLSCR1	101	41	-3.5573973664266574	0.055
PLSCR3	101	62	0.7629911611222598	0.66836
PMAIP1	101	67	-11.05091497759289	1e-05
PMM2	101	46	-0.655438687541376	0.37474
PNKP	101	44	-2.7319368046337633	0.09944
PNP	101	82	-9.250132143274282	1e-05
POLB	101	49	-4.202416811061495	0.02087
POLD4	101	30	-0.11081613148974802	0.48162
POLE2	101	85	-8.936280886207431	1e-05
POLG2	101	55	-3.475164026219069	0.03503
POLR1C	101	70	-5.525291925753393	0.00059
POLR2I	101	37	0.2614555087296963	0.5463
POLR2K	101	52	-14.176005136673629	1e-05
POP4	101	70	-10.489391475765315	1e-05
PPARD	101	54	-4.119934983650359	0.01728
PPARG	101	72	1.579289920280455	0.8302
PPIC	101	65	-6.933305205008737	6e-05
PPIE	101	51	-2.6448682430978687	0.09027
PPOX	101	19	1.9424066521724728	0.73283
PPP1R13B	101	40	-0.8067900936502251	0.35574
PPP2R3C	101	58	1.8159532055872722	0.83703
PPP2R5A	101	46	-3.940056944210718	0.0317
PPP2R5E	101	33	3.0870176649262717	0.89408
PRAF2	101	41	-0.4009679461301378	0.42503
PRCP	101	19	-5.13186681383019	0.06488
PRKACA	101	35	-1.224950900154262	0.29819
PRKAG2	101	62	-6.611449215154999	0.00018
PRKCD	101	56	-3.898268590815687	0.02071
PRKCH	101	66	-3.327653207419614	0.02789
PRKCQ	101	63	2.287330536185172	0.89902
PRKX	101	31	0.4093154058801234	0.56461
PROS1	101	70	-1.4084125334561735	0.19942
PRPF4	101	44	-1.7441180037540567	0.20464
PRR15L	101	51	-12.909316737853983	1e-05
PRR7	101	63	-3.5551738703625118	0.02384
PRSS23	101	58	-4.850619826424988	0.00536
PRUNE	101	68	-8.442068894872955	1e-05
PSIP1	101	45	2.0577569221179437	0.83806
PSMB10	101	54	-4.975388420976156	0.00588
PSMB8	101	61	-3.322445713625222	0.03487
PSMD10	101	47	-0.11930435569125968	0.4757
PSMD2	101	51	-3.1607863042828566	0.0557
PSMD4	101	43	-2.829636811462431	0.09564
PSMD9	101	33	-5.116555366343107	0.02369
PSME1	101	29	-11.298074250826804	0.00014
PSME2	101	61	-7.949670021060871	1e-05
PSMF1	101	48	-1.51282920972511	0.22596
PSMG1	101	68	-9.421165399313047	1e-05
PSRC1	101	56	-2.5504157379514654	0.08888
PTGS2	101	45	-2.495233127512695	0.11795
PTK2	101	58	-1.5420134660215452	0.20266
PTK2B	101	66	1.5024763391105243	0.80733
PTPLAD1	101	63	-2.4841155445361003	0.0807
PTPN1	101	39	-3.3307790181290446	0.07181
PTPN12	101	59	-6.697118042393901	0.00027
PTPN6	101	38	-4.152799182243929	0.03942
PTPRC	101	41	-2.054009548511506	0.17218
PTPRF	101	36	0.13940803086826192	0.52392
PTPRK	101	25	1.213227200722162	0.67199
PUF60	101	39	12.72663646283422	1.0
PWP1	101	54	-0.6653130070096444	0.36056
PXMP2	101	73	-2.7349387738971176	0.0504
PXN	101	28	-1.727254253534072	0.25184
PYCR1	101	61	-8.167796372309132	1e-05
PYGL	101	33	-0.5409331261774895	0.41111
RAB11FIP2	101	63	0.17395133158304535	0.53734
RAB21	101	39	0.9013718757986369	0.65809
RAB27A	101	38	-5.51940233962559	0.01079
RAB31	101	71	2.1056589657021165	0.89529
RAB4A	101	58	-1.918066882494011	0.15062
RAC2	101	82	-2.369750315609972	0.06453
RAD51C	101	46	-2.0465036187306875	0.16266
RAD9A	101	71	-5.022550903996222	0.00155
RAE1	101	65	-8.736861451452896	1e-05
RAI14	101	43	-1.6721782306383866	0.21419
RALA	101	34	-2.7269724527648185	0.13009
RALB	101	66	-9.1018041381811	1e-05
RALGDS	101	36	-2.970635184591006	0.10536
RAP1GAP	101	47	-1.8743969615612859	0.18037
RASA1	101	54	-2.2548374450932323	0.11959
RB1	101	66	-6.612311340194087	0.0001
RBKS	101	36	-4.109301653931051	0.04399
RBM15B	101	37	-1.556265970988758	0.24788
RBM34	101	23	-1.4224162406533796	0.30994
RBM6	101	39	0.5192156139865405	0.59271
REEP5	101	45	-1.8274902162157465	0.19147
RELB	101	58	-1.173995982371015	0.26285
RFC2	101	72	-10.026304618840292	1e-05
RFC5	101	57	-10.446604114274596	1e-05
RFNG	101	36	-0.4918059708740753	0.41574
RFX5	101	42	-8.162801601253157	0.00022
RGS2	101	76	-0.1846105038942481	0.45429
RHEB	101	65	-9.992034224135796	1e-05
RHOA	101	62	-9.966011308216594	1e-05
RNF167	101	27	-2.481506673256678	0.17731
RNH1	101	28	0.2766387361785876	0.54386
RNMT	101	64	-3.498463876391063	0.02437
RNPS1	101	68	-6.679200889664155	4e-05
RPA1	101	63	-8.761252097349182	1e-05
RPA2	101	70	-10.8604835581856	1e-05
RPA3	101	62	-10.877674192376581	1e-05
RPIA	101	46	0.40066014710215014	0.57634
RPL39L	101	59	-5.272892692180664	0.00295
RPN1	101	71	-9.312950883741339	1e-05
RPP38	101	72	-8.19084077963141	1e-05
RPS5	101	52	0.7290700366185602	0.64875
RPS6	101	62	-5.657634973164448	0.00102
RPS6KA1	101	76	-6.375297842729024	2e-05
RRAGA	101	66	-5.261641701214686	0.00146
RRP12	101	66	-3.222783422951641	0.03166
RRP1B	101	84	-7.4275941647174815	1e-05
RRP8	101	60	-6.516771509094238	0.00025
RRS1	101	55	-7.91921920424303	2e-05
RSU1	101	49	-5.174275474950613	0.00638
RTN2	101	29	0.11571393964106555	0.51961
RUVBL1	101	76	-8.587456178971168	1e-05
S100A13	101	35	-3.0537030557626617	0.10175
S100A4	101	54	4.19900073188022	0.98374
SACM1L	101	53	-2.1981476429432414	0.12778
SATB1	101	58	-2.3482582224764013	0.10339
SCAND1	101	34	-5.037650948283719	0.02386
SCARB1	101	65	-6.244352632428247	0.00023
SCCPDH	101	37	-7.280260923860451	0.00214
SCP2	101	38	-4.9874809269846265	0.01825
SCRN1	101	69	0.09289335481531719	0.52246
SCYL3	101	59	-1.6349800562442873	0.18374
SDHB	101	40	-7.91949255915351	0.00058
SENP6	101	46	-4.322073752521774	0.02172
SERPINE1	101	66	-4.60421712085	0.00417
SESN1	101	40	-6.66373499041059	0.00283
SFN	101	73	-1.9583093140774626	0.11986
SGCB	101	48	-2.9947536742471597	0.07225
SH3BP5	101	44	-2.5869151412019393	0.11137
SHB	101	42	-1.2542275722011034	0.27981
SHC1	101	62	-1.7141650938201298	0.1677
SIRT3	101	58	-0.3906613232580417	0.41626
SKIV2L	101	72	-1.2258381058887997	0.22982
SKP1	101	52	-5.499083308984996	0.00348
SLC11A2	101	52	-5.674345787092287	0.00283
SLC1A4	101	86	-5.241404267139846	0.00029
SLC25A13	101	56	1.0941706050128783	0.72236
SLC25A14	101	63	-1.81064195989185	0.15287
SLC25A4	101	48	-8.643680765273409	0.0001
SLC25A46	101	57	-2.8788554169232508	0.06193
SLC27A3	101	32	-0.7091145580205963	0.38342
SLC2A6	101	52	-1.6400210245137565	0.20238
SLC35A1	101	25	-2.8818549873609567	0.15378
SLC35A3	101	51	-4.629654467240431	0.01172
SLC35B1	101	78	-5.4672621142830415	0.00036
SLC35F2	101	42	-5.196449885353509	0.0109
SLC37A4	101	64	-8.196609890869354	1e-05
SLC5A6	101	71	-3.8367584582612286	0.01126
SMAD3	101	69	2.9693930120990117	0.95945
SMARCA4	101	64	-7.795174426695665	1e-05
SMARCC1	101	53	-3.3694804388541875	0.04291
SMARCD2	101	60	-1.8425009724112646	0.15613
SMC1A	101	44	-1.7518164679381643	0.20361
SMC3	101	60	-2.596653093340613	0.07959
SMC4	101	76	-10.933926569280818	1e-05
SMNDC1	101	78	-7.009478368253356	2e-05
SNAP25	101	36	-0.29108965973565154	0.44976
SNCA	101	23	-1.993802233561255	0.24471
SNX11	101	63	-8.239624619302571	1e-05
SNX13	101	50	-2.3824518737028506	0.1176
SNX6	101	38	-1.7813710635752302	0.21605
SNX7	101	38	-2.038621782994101	0.18432
SOCS2	101	46	0.5493504566441197	0.60467
SORBS3	101	51	-1.9756744525576542	0.15966
SOX2	101	32	-0.980111055041061	0.34235
SOX4	101	44	-3.0979116974422105	0.07456
SPAG4	101	61	-0.5450344050187369	0.38084
SPAG7	101	42	-3.1851788014546134	0.07351
SPDEF	101	57	-3.3899296316687124	0.03573
SPEN	101	51	-2.4664558827495884	0.10623
SPP1	101	62	-3.2916764357623576	0.03338
SPR	101	57	-3.542406005825886	0.02992
SPRED2	101	38	-1.0946291131563184	0.31362
SPTAN1	101	65	-3.387944897690189	0.0281
SPTLC2	101	76	-7.155307593602171	1e-05
SQRDL	101	56	-3.276629717071617	0.04264
SQSTM1	101	30	-4.186371917243489	0.05752
SRC	101	82	1.8757727399037007	0.88781
SSBP2	101	68	-1.1877500361460447	0.24229
ST3GAL5	101	71	2.2196709743971734	0.90716
ST6GALNAC2	101	78	1.586007677939782	0.8389
ST7	101	51	-1.1853742604599324	0.27413
STAMBP	101	67	-7.781732601624361	1e-05
STAP2	101	39	-3.485489404307358	0.06361
STAT1	101	65	-8.77680179020591	1e-05
STAT3	101	64	-8.413782388469718	1e-05
STAT5B	101	64	-6.382795612347229	0.00022
STK10	101	50	1.0802156832262075	0.70826
STK25	101	43	-1.1105922781984712	0.29833
STMN1	101	68	-11.4676211270005	1e-05
STUB1	101	38	4.461995256512966	0.97112
STX1A	101	51	-2.694062753228158	0.08607
STX4	101	21	-1.3299961680745223	0.32429
STXBP1	101	42	-4.343391087797976	0.02574
STXBP2	101	32	0.8693934730222056	0.63915
SUPV3L1	101	38	-1.3435399273345703	0.27557
SUV39H1	101	79	-6.871526910283583	2e-05
SUZ12	101	66	-10.848336845320958	1e-05
SYK	101	43	-1.3347215396621468	0.26259
SYNE2	101	72	-7.896508225428131	1e-05
SYNGR3	101	60	-2.607736614053344	0.07896
SYPL1	101	45	-4.978148227144134	0.01126
TARBP1	101	38	-5.109656137375411	0.01623
TATDN2	101	81	-6.73810075620153	1e-05
TBC1D9B	101	31	-2.735692924416425	0.14106
TBP	101	69	-7.906282243403624	1e-05
TBPL1	101	40	-2.6175849606940584	0.1199
TBX2	101	61	-1.208699747736892	0.25016
TBXA2R	101	54	-0.6987080515443966	0.35361
TCEA2	101	31	-1.0024921787338734	0.34146
TCEAL4	101	28	-4.289345491907015	0.0603
TCERG1	101	68	-6.176025624566966	0.00026
TCFL5	101	41	-3.986171424083659	0.0372
TCTA	101	37	-0.505100839751731	0.41202
TCTN1	101	48	-2.8240948385140587	0.08397
TERF2IP	101	42	-2.9647035574644773	0.08831
TERT	101	50	-3.7447625444849373	0.03297
TES	101	27	-1.4641760686815386	0.28879
TESK1	101	37	-0.5981859265156864	0.39658
TEX10	101	58	-0.45454206999724706	0.40307
TFAP2A	101	36	-1.2896120703542815	0.29024
TFDP1	101	68	-9.92624425529573	1e-05
TGFB3	101	36	-0.5993546069140664	0.39788
TGFBR2	101	55	-1.3947838500990557	0.23091
THAP11	101	49	-3.373133762595641	0.04957
TIAM1	101	57	1.2919924328227417	0.75513
TICAM1	101	67	-6.091678122760634	0.00026
TIMELESS	101	73	-11.439661091855768	1e-05
TIMM17B	101	61	-0.7326225581767	0.34162
TIMM22	101	75	-4.62882873551267	0.00239
TIMM9	101	34	1.1977962119543628	0.69469
TIMP2	101	28	-1.037448105226746	0.3422
TIPARP	101	49	-5.426145291932931	0.00489
TJP1	101	51	-4.573672518841907	0.01229
TLE1	101	26	-6.971987817563461	0.01087
TLK2	101	39	-0.6275552001870885	0.3898
TLR4	101	51	-2.206729875740012	0.13255
TM9SF2	101	32	-5.570462682105009	0.01839
TM9SF3	101	40	-1.4124322839919887	0.25911
TMCO1	101	40	-3.0919632084004562	0.08454
TMED10	101	38	-8.198907060944466	0.00055
TMEM109	101	74	-8.388095898717564	1e-05
TMEM110	101	48	-9.169425220984811	3e-05
TMEM2	101	53	-5.362073689931593	0.00357
TMEM5	101	60	-7.824046507076896	1e-05
TMEM50A	101	57	-8.630541603784978	2e-05
TMEM97	101	75	-10.463078593604717	1e-05
TNFRSF21	101	27	2.3293101211264404	0.80676
TNIP1	101	20	-1.2998936216472456	0.33156
TOMM34	101	55	-4.112487894071154	0.01703
TOMM70A	101	57	-2.027258322591317	0.13693
TOP2A	101	79	-7.47501263668697	1e-05
TOPBP1	101	58	-5.57604614879441	0.00165
TOR1A	101	73	-5.041164819953301	0.00112
TP53	101	48	-6.7933985879144165	0.00095
TP53BP1	101	54	-3.081508408609788	0.05475
TP53BP2	101	58	-1.6836057940662488	0.18191
TPD52L2	101	42	-0.6695939421139088	0.37794
TPM1	101	48	-1.7480685041646917	0.19297
TRAK2	101	58	-4.818538400544591	0.00554
TRAM2	101	66	-7.313787717195518	3e-05
TRAP1	101	58	-1.282441237298874	0.24405
TRAPPC3	101	38	-6.606286850836634	0.00376
TRAPPC6A	101	28	-1.6337743722136802	0.26335
TRIB1	101	34	-1.341653933856994	0.28563
TRIB3	101	48	-0.5620194861296952	0.38821
TRIM13	101	41	0.9741935395471186	0.67373
TRIM2	101	27	1.271243333348574	0.68392
TSC22D3	101	61	-4.604310275992166	0.00637
TSEN2	101	73	-6.31791291641477	8e-05
TSKU	101	73	-0.805795282544143	0.31131
TSPAN3	101	57	-9.54702427935973	1e-05
TSPAN4	101	41	-0.9885808267948881	0.32122
TSPAN6	101	62	-4.29301677098747	0.00897
TSTA3	101	61	-8.848925568909122	1e-05
TUBB6	101	51	1.5811495965147475	0.79069
TWF2	101	56	-9.74038406569004	1e-05
TXLNA	101	65	-3.5822343670466963	0.02177
TXNDC9	101	50	1.5084977821600354	0.77777
TXNL4B	101	63	1.8243204728409952	0.84735
TXNRD1	101	66	-11.316583052840171	1e-05
UBE2A	101	40	-6.59937318348425	0.00301
UBE2C	101	79	-9.707266753068012	1e-05
UBE2J1	101	33	-0.3734029441706311	0.43839
UBE2L6	101	31	-2.7252882696951786	0.14204
UBE3B	101	34	-3.5055116017966594	0.07796
UBE3C	101	40	-2.338516179016567	0.1453
UBQLN2	101	56	-5.05759088844107	0.0045
UBR7	101	52	-4.281942905745227	0.0162
UFM1	101	22	2.888523028260291	0.83127
UGDH	101	70	-6.170583498111477	0.00018
USP1	101	73	-10.20493208351795	1e-05
USP14	101	36	0.3736289556022911	0.56445
USP22	101	37	-6.185684290343229	0.00615
USP6NL	101	67	-7.9007767776608695	1e-05
USP7	101	75	-5.677381382531165	0.0003
UTP14A	101	52	-3.5697114743646763	0.03659
VAPB	101	61	-8.961150127513784	1e-05
VAT1	101	37	-0.24527297763653566	0.4578
VAV3	101	63	-1.5196453464847024	0.19399
VDAC1	101	56	9.198618182515283	1.0
VGLL4	101	42	-1.8566482155317847	0.19452
VPS28	101	57	-3.792173740953018	0.02266
VPS72	101	47	1.1163792546667437	0.70726
WASF3	101	50	-4.201662022199597	0.01979
WDR61	101	61	-5.867322138336873	0.00089
WDR67	101	67	-9.615253041232906	1e-05
WDR7	101	60	-0.6296426302021061	0.36446
WDTC1	101	38	-1.762434062031994	0.21864
WFS1	101	57	-9.55482183185016	1e-05
WIPF2	101	50	-2.9319984719466854	0.07321
WRB	101	60	-4.731134842186919	0.00554
XBP1	101	65	-9.975613328000941	1e-05
XPNPEP1	101	47	-0.199004039092234	0.4598
XPO7	101	65	-4.968637509025291	0.00257
YKT6	101	71	-8.898594264967786	1e-05
YME1L1	101	55	-5.410402895523849	0.0029
YTHDF1	101	42	-2.28646203869055	0.14554
ZDHHC6	101	59	-2.2432171674614767	0.10989
ZFP36	101	42	0.5085497663548562	0.59452
ZMIZ1	101	51	0.030039944002358744	0.50659
ZMYM2	101	42	-3.4182101520473687	0.06074
ZNF131	101	55	2.356412816782161	0.89211
ZNF274	101	64	-1.8842195081119917	0.14112
ZNF318	101	50	-4.180375657187897	0.02023
ZNF395	101	30	-2.043944028972868	0.21046
ZNF451	101	36	-3.996964060375551	0.04806
ZNF586	101	44	-1.2703349006741376	0.27385
ZNF589	101	42	-1.8601503803703725	0.19411
ZW10	101	85	-6.456613913056586	1e-05
