	empirical_pVal (A375)	empirical_pVal (A549)	empirical_pVal (BT20)	empirical_pVal (LNCAP)	empirical_pVal (MCF7)	empirical_pVal (MDAMB231)	empirical_pVal (PC3)	Ave_pVal
CHEK2	1e-05	1e-05	1e-05	1e-05	1e-05	1e-05	1e-05	1e-05
PAICS	1e-05	1e-05	1e-05	1e-05	1e-05	1e-05	1e-05	1e-05
BRCA1	1e-05	1e-05	1e-05	1e-05	1e-05	1e-05	1e-05	1e-05
RPA2	1e-05	1e-05	1e-05	1e-05	1e-05	1e-05	1e-05	1e-05
EED	1e-05	1e-05	1e-05	1e-05	1e-05	1e-05	1e-05	1e-05
TATDN2	1e-05	1e-05	1e-05	1e-05	1e-05	1e-05	1e-05	1e-05
LBR	1e-05	1e-05	1e-05	1e-05	1e-05	1e-05	1e-05	1e-05
TIMELESS	1e-05	1e-05	1e-05	1e-05	1e-05	1e-05	1e-05	1e-05
TMEM109	1e-05	1e-05	1e-05	1e-05	1e-05	1e-05	1e-05	1e-05
USP1	1e-05	1e-05	1e-05	1e-05	1e-05	1e-05	1e-05	1e-05
MYBL2	1e-05	1e-05	1e-05	1e-05	1e-05	1e-05	1e-05	1e-05
MCM3	1e-05	1e-05	1e-05	1e-05	1e-05	1e-05	1e-05	1e-05
CDC25A	1e-05	1e-05	1e-05	1e-05	1e-05	1e-05	1e-05	1e-05
SUV39H1	1e-05	1e-05	1e-05	2e-05	1e-05	1e-05	1e-05	1.14285714286e-05
LSM6	1e-05	1e-05	2e-05	1e-05	1e-05	1e-05	1e-05	1.14285714286e-05
RPA1	1e-05	1e-05	1e-05	1e-05	1e-05	1e-05	2e-05	1.14285714286e-05
RFC2	1e-05	1e-05	3e-05	1e-05	1e-05	1e-05	1e-05	1.28571428571e-05
TBP	1e-05	1e-05	1e-05	1e-05	1e-05	1e-05	7e-05	1.85714285714e-05
ICMT	1e-05	1e-05	7e-05	1e-05	1e-05	1e-05	1e-05	1.85714285714e-05
RFC5	1e-05	1e-05	0.00011	1e-05	1e-05	1e-05	1e-05	2.42857142857e-05
POLE2	1e-05	1e-05	0.00016	1e-05	1e-05	1e-05	1e-05	3.14285714286e-05
GABPB1	1e-05	1e-05	5e-05	1e-05	1e-05	0.00012	1e-05	3.14285714286e-05
MELK	1e-05	1e-05	0.00016	1e-05	1e-05	1e-05	1e-05	3.14285714286e-05
MYCBP	7e-05	1e-05	2e-05	1e-05	1e-05	1e-05	0.00011	3.42857142857e-05
DNMT1	5e-05	2e-05	0.00013	1e-05	1e-05	1e-05	3e-05	3.71428571429e-05
RRS1	0.00014	1e-05	1e-05	2e-05	1e-05	8e-05	1e-05	4e-05
NUP88	1e-05	1e-05	1e-05	0.00022	1e-05	1e-05	1e-05	4e-05
CDC45	0.00023	1e-05	2e-05	1e-05	1e-05	1e-05	1e-05	4.28571428571e-05
RUVBL1	1e-05	1e-05	1e-05	1e-05	1e-05	0.00026	1e-05	4.57142857143e-05
MSH6	0.00025	1e-05	5e-05	1e-05	1e-05	1e-05	1e-05	5e-05
ASCC3	2e-05	1e-05	2e-05	1e-05	1e-05	0.00031	7e-05	6.42857142857e-05
TFDP1	1e-05	1e-05	1e-05	1e-05	1e-05	0.00041	1e-05	6.71428571429e-05
LIG1	1e-05	1e-05	0.00045	1e-05	1e-05	1e-05	1e-05	7.28571428571e-05
EZH2	1e-05	1e-05	0.00048	1e-05	1e-05	1e-05	1e-05	7.71428571429e-05
KCTD5	1e-05	1e-05	1e-05	0.00074	1e-05	2e-05	1e-05	0.000115714285714
EBP	1e-05	0.00075	1e-05	1e-05	1e-05	1e-05	2e-05	0.000117142857143
EBNA1BP2	0.00028	1e-05	1e-05	1e-05	1e-05	0.00078	1e-05	0.000158571428571
DCK	1e-05	1e-05	0.00072	1e-05	1e-05	2e-05	0.00037	0.000164285714286
USP7	1e-05	0.00052	0.00016	0.0003	1e-05	1e-05	0.00031	0.000188571428571
AURKA	1e-05	1e-05	0.00138	1e-05	1e-05	1e-05	1e-05	0.000205714285714
HPRT1	2e-05	2e-05	1e-05	0.00017	1e-05	1e-05	0.00126	0.000214285714286
CDCA4	0.00143	1e-05	1e-05	1e-05	1e-05	1e-05	2e-05	0.000214285714286
TMEM97	0.00154	1e-05	1e-05	1e-05	1e-05	1e-05	6e-05	0.000235714285714
PARP2	3e-05	1e-05	0.00055	0.00131	1e-05	1e-05	1e-05	0.000275714285714
PSMG1	0.0007	1e-05	1e-05	1e-05	1e-05	1e-05	0.00178	0.000361428571429
CDK2	3e-05	1e-05	0.00254	1e-05	1e-05	1e-05	1e-05	0.000374285714286
FBXO11	1e-05	0.00302	3e-05	4e-05	2e-05	9e-05	4e-05	0.000464285714286
CDK4	0.00012	1e-05	1e-05	1e-05	1e-05	0.00313	1e-05	0.000471428571429
HDAC2	1e-05	1e-05	1e-05	1e-05	1e-05	0.00337	1e-05	0.00049
SMC4	1e-05	1e-05	0.00342	1e-05	1e-05	1e-05	1e-05	0.000497142857143
KDELR2	1e-05	0.00337	2e-05	1e-05	1e-05	4e-05	0.00027	0.000532857142857
PNP	1e-05	1e-05	1e-05	1e-05	1e-05	1e-05	0.00428	0.00062
PHGDH	1e-05	1e-05	2e-05	1e-05	1e-05	0.00473	1e-05	0.000685714285714
RNPS1	4e-05	1e-05	1e-05	4e-05	0.00028	0.00108	0.00339	0.000692857142857
ELAVL1	1e-05	3e-05	5e-05	1e-05	0.00399	1e-05	0.00084	0.000705714285714
NUP62	1e-05	1e-05	0.00263	1e-05	1e-05	1e-05	0.00245	0.000732857142857
RRP8	3e-05	3e-05	1e-05	0.00025	1e-05	0.00643	1e-05	0.000967142857143
COASY	1e-05	1e-05	5e-05	2e-05	1e-05	0.00688	0.00012	0.00101428571429
CCND3	1e-05	1e-05	2e-05	1e-05	1e-05	1e-05	0.0072	0.00103857142857
BCL7B	7e-05	1e-05	0.00637	2e-05	6e-05	2e-05	0.00072	0.00103857142857
RPL39L	1e-05	1e-05	0.00605	0.00295	1e-05	1e-05	1e-05	0.00129285714286
CCNF	1e-05	1e-05	0.0101	1e-05	1e-05	1e-05	1e-05	0.00145142857143
RPA3	1e-05	1e-05	0.00555	1e-05	1e-05	0.00514	1e-05	0.00153428571429
MLEC	1e-05	3e-05	2e-05	3e-05	5e-05	0.01288	2e-05	0.00186285714286
DPH2	0.00019	1e-05	1e-05	1e-05	1e-05	0.01363	1e-05	0.00198142857143
TSEN2	1e-05	1e-05	3e-05	8e-05	0.01441	0.00083	0.00021	0.00222571428571
DAG1	5e-05	0.00019	1e-05	1e-05	1e-05	0.01568	0.0001	0.00229285714286
CASK	6e-05	0.00121	1e-05	1e-05	1e-05	0.01906	3e-05	0.00291285714286
PARP1	1e-05	1e-05	0.00015	8e-05	0.00812	0.01287	1e-05	0.00303571428571
RAE1	1e-05	1e-05	1e-05	1e-05	1e-05	0.00978	0.0118	0.00309
MAP3K4	0.00682	1e-05	0.0007	0.01586	1e-05	3e-05	0.00024	0.00338142857143
HSPD1	3e-05	0.02068	1e-05	1e-05	1e-05	0.00022	0.00401	0.00356714285714
SPTAN1	1e-05	0.00017	1e-05	0.0281	1e-05	1e-05	1e-05	0.00404571428571
SLC37A4	2e-05	0.02918	0.0006	1e-05	1e-05	1e-05	1e-05	0.00426285714286
NFKBIB	8e-05	0.01596	0.00166	9e-05	1e-05	0.01528	0.00037	0.00477857142857
HAT1	1e-05	1e-05	0.0348	1e-05	1e-05	0.00021	1e-05	0.00500857142857
CDK1	1e-05	1e-05	0.03556	1e-05	1e-05	1e-05	1e-05	0.00508857142857
BIRC5	1e-05	1e-05	0.03676	1e-05	1e-05	1e-05	1e-05	0.00526
G3BP1	0.02701	1e-05	2e-05	0.0006	1e-05	0.00752	0.00172	0.00527
CHMP6	6e-05	0.00239	0.00025	0.00197	1e-05	0.03249	1e-05	0.00531142857143
IDE	0.00031	0.03213	0.00433	0.00022	1e-05	0.00354	3e-05	0.00579571428571
DDB2	0.00329	0.00019	0.02122	1e-05	0.01751	6e-05	1e-05	0.00604142857143
ALDOC	2e-05	0.0163	1e-05	0.001	1e-05	0.0253	1e-05	0.00609285714286
CCP110	0.00184	1e-05	0.03781	1e-05	2e-05	1e-05	0.00435	0.00629285714286
PGRMC1	0.00014	0.01246	0.00371	3e-05	1e-05	0.00407	0.02387	0.00632714285714
MRPL12	1e-05	1e-05	1e-05	4e-05	1e-05	0.04454	2e-05	0.00637714285714
GRWD1	1e-05	1e-05	4e-05	3e-05	1e-05	0.0499	1e-05	0.00714428571429
CHEK1	1e-05	1e-05	0.00918	1e-05	0.04396	1e-05	1e-05	0.00759857142857
FKBP14	1e-05	1e-05	1e-05	1e-05	1e-05	0.05313	3e-05	0.00760142857143
GTF2A2	1e-05	0.0001	2e-05	7e-05	1e-05	0.05629	1e-05	0.00807285714286
CCNE2	1e-05	1e-05	0.06659	1e-05	1e-05	1e-05	1e-05	0.00952142857143
POLR2K	1e-05	1e-05	0.06605	1e-05	1e-05	0.00157	1e-05	0.00966714285714
PXMP2	1e-05	0.01028	0.00037	0.0504	1e-05	2e-05	0.00864	0.00996142857143
BDH1	0.02022	0.00012	0.00439	6e-05	1e-05	0.01305	0.03235	0.0100285714286
ELOVL6	1e-05	0.0757	1e-05	1e-05	1e-05	1e-05	0.00016	0.0108442857143
RFX5	0.0194	0.00366	0.00108	0.00022	0.05419	0.00407	0.0001	0.0118171428571
PSMD2	1e-05	0.02907	1e-05	0.0557	1e-05	0.00019	3e-05	0.0121457142857
DHX29	1e-05	0.00032	0.01322	0.00017	0.00035	0.07433	1e-05	0.01263
ATP6V0B	1e-05	1e-05	0.07565	1e-05	1e-05	0.01043	0.00522	0.0130485714286
GMNN	3e-05	1e-05	0.09343	1e-05	1e-05	3e-05	1e-05	0.0133614285714
ICAM3	0.08781	1e-05	1e-05	1e-05	1e-05	0.00264	0.00579	0.0137542857143
HK1	1e-05	0.00692	0.00014	0.00122	1e-05	0.08839	4e-05	0.0138185714286
MTHFD2	1e-05	1e-05	2e-05	1e-05	0.09991	1e-05	1e-05	0.0142828571429
CEBPZ	2e-05	0.07527	1e-05	0.02851	1e-05	1e-05	0.00035	0.0148828571429
FAS	0.00637	0.00319	0.05648	0.0137	0.01931	0.00525	0.00055	0.0149785714286
VAPB	0.00045	1e-05	1e-05	1e-05	0.10443	5e-05	3e-05	0.0149985714286
NUP93	1e-05	1e-05	1e-05	1e-05	1e-05	0.10532	1e-05	0.0150542857143
SLC1A4	0.00937	0.00091	1e-05	0.00029	0.06065	0.03421	1e-05	0.0150642857143
ATF1	1e-05	0.00085	0.01989	7e-05	1e-05	0.00016	0.08498	0.0151385714286
TBPL1	1e-05	1e-05	1e-05	0.1199	1e-05	0.00289	1e-05	0.0175485714286
XBP1	0.00015	0.02245	0.00424	1e-05	1e-05	0.09586	0.00369	0.0180585714286
FAM57A	2e-05	0.05196	1e-05	0.00888	1e-05	0.0135	0.05387	0.0183214285714
PSRC1	1e-05	1e-05	0.02331	0.08888	0.01761	0.00025	1e-05	0.0185828571429
WDR61	1e-05	0.00052	1e-05	0.00089	0.00125	0.12476	0.00506	0.0189285714286
EIF4EBP1	1e-05	1e-05	0.02048	1e-05	0.00103	1e-05	0.11278	0.01919
PLSCR1	1e-05	0.00201	0.04524	0.055	1e-05	7e-05	0.03473	0.0195814285714
UBE2C	1e-05	1e-05	0.13713	1e-05	1e-05	1e-05	1e-05	0.0195985714286
PIK3R4	1e-05	1e-05	0.00064	3e-05	0.08551	0.05192	3e-05	0.0197357142857
CTNNAL1	1e-05	2e-05	0.01233	0.0007	1e-05	0.1333	0.00062	0.0209985714286
RRP1B	1e-05	1e-05	1e-05	1e-05	1e-05	0.15962	3e-05	0.0228142857143
SDHB	1e-05	1e-05	4e-05	0.00058	1e-05	0.17997	1e-05	0.0258042857143
POP4	0.00295	1e-05	1e-05	1e-05	1e-05	0.18499	0.00014	0.0268742857143
MALT1	4e-05	1e-05	0.00448	1e-05	1e-05	0.18363	2e-05	0.0268857142857
AARS	0.01929	1e-05	0.16593	0.00126	1e-05	0.00371	1e-05	0.0271742857143
AURKB	1e-05	1e-05	0.13416	0.00031	0.06055	1e-05	1e-05	0.0278657142857
B3GNT1	0.01275	1e-05	0.00441	0.09275	1e-05	0.08925	9e-05	0.0284671428571
RPN1	1e-05	1e-05	1e-05	1e-05	1e-05	0.20704	0.00018	0.02961
CDK5R1	1e-05	1e-05	2e-05	0.16702	1e-05	0.04897	0.00068	0.03096
PGM1	0.00686	0.00725	1e-05	0.04244	0.02057	0.14092	5e-05	0.0311571428571
ACAT2	0.00031	0.00265	0.00254	0.21539	1e-05	0.00104	0.00341	0.0321928571429
VPS28	0.00272	0.01675	0.00013	0.02266	0.07253	0.08245	0.02827	0.0322157142857
MRPL19	0.00362	0.00953	5e-05	1e-05	1e-05	0.21445	0.00464	0.0331871428571
ATG3	0.15333	0.0679	1e-05	0.00764	2e-05	0.00683	7e-05	0.0336857142857
TCERG1	1e-05	1e-05	7e-05	0.00026	1e-05	0.24266	1e-05	0.0347185714286
CETN3	0.00073	1e-05	0.02656	1e-05	0.22515	0.00141	0.00103	0.0364142857143
ADRB2	0.01727	0.11171	0.03906	0.07751	0.00535	1e-05	0.00661	0.0367885714286
MAPKAPK5	0.00237	1e-05	0.07261	0.00014	0.00404	0.04083	0.15606	0.0394371428571
TMEM110	0.0182	0.00139	0.03718	3e-05	0.00208	0.19608	0.02267	0.0396614285714
PIK3R3	0.02573	0.01737	0.03539	1e-05	0.00393	0.19529	6e-05	0.0396828571429
EXOSC4	2e-05	0.00098	0.00053	0.04676	0.13052	0.09974	0.00232	0.0401242857143
MBNL1	1e-05	0.00242	0.00518	1e-05	5e-05	0.07629	0.21149	0.0422071428571
GNA11	0.00231	0.21044	0.00025	0.04088	1e-05	0.00778	0.03543	0.0424428571429
CCNA2	1e-05	1e-05	0.30126	1e-05	1e-05	1e-05	1e-05	0.0430457142857
SESN1	0.04137	0.00348	0.03674	0.00283	0.09093	0.03487	0.09468	0.0435571428571
HS2ST1	0.04466	0.00143	0.13921	0.10318	0.01689	0.0017	0.00098	0.0440071428571
CHERP	0.00027	1e-05	0.18099	0.0222	0.01023	0.01076	0.08455	0.0441442857143
NOLC1	1e-05	1e-05	1e-05	1e-05	1e-05	0.31647	1e-05	0.0452185714286
BRP44	0.01453	0.08336	0.09399	8e-05	1e-05	0.08379	0.04812	0.0462685714286
STAT3	0.03273	0.00583	0.00297	1e-05	5e-05	0.05004	0.24078	0.0474871428571
ITGAE	0.01932	0.06724	0.02473	1e-05	0.00075	0.12304	0.09762	0.04753
CIAPIN1	0.0001	0.00493	0.0317	2e-05	1e-05	0.29682	0.00053	0.04773
MPZL1	0.0001	0.24505	0.06568	0.00148	0.00013	0.02199	1e-05	0.0477771428571
ATF5	0.06812	0.14171	9e-05	1e-05	0.01854	0.01187	0.09558	0.0479885714286
PYCR1	0.00023	1e-05	1e-05	1e-05	1e-05	0.3327	0.00482	0.0482557142857
SCARB1	0.07716	0.07387	0.08813	0.00023	1e-05	0.10186	2e-05	0.0487542857143
NGRN	0.11878	9e-05	0.00012	0.07576	0.00044	0.1474	0.00026	0.0489785714286
BNIP3	1e-05	0.19683	1e-05	0.13522	0.0109	0.00012	0.00027	0.0490514285714
RAD9A	0.00261	1e-05	0.10367	0.00155	1e-05	1e-05	0.23644	0.0491857142857
UBR7	1e-05	1e-05	0.34316	0.0162	1e-05	1e-05	1e-05	0.0513442857143
PAK1	0.02012	0.00676	0.00361	0.08956	0.22706	0.0066	0.01199	0.0522428571429
PIP4K2B	0.02164	0.00287	0.12594	0.00292	0.00205	0.14892	0.06389	0.0526042857143
MIF	0.00045	0.00606	2e-05	1e-05	0.00066	0.3617	2e-05	0.0527028571429
FGFR4	0.07623	0.00024	0.00112	0.158	0.00024	0.13556	1e-05	0.0530571428571
CASP2	1e-05	1e-05	0.00204	1e-05	1e-05	1e-05	0.37246	0.0535071428571
ST7	1e-05	0.0001	0.00032	0.27413	1e-05	0.10032	1e-05	0.0535571428571
PRPF4	0.00077	1e-05	3e-05	0.20464	0.00026	2e-05	0.16979	0.0536457142857
CD58	0.02465	0.03057	0.01779	0.06736	1e-05	0.02447	0.21319	0.0540057142857
ANXA7	0.00055	0.00665	0.00371	0.01338	1e-05	0.35525	9e-05	0.0542342857143
PAK4	0.00176	0.00011	0.00725	0.00026	1e-05	0.00434	0.38497	0.0569571428571
PCM1	3e-05	0.00382	0.39627	0.00018	0.00028	1e-05	0.00258	0.0575957142857
NET1	2e-05	0.00178	0.04729	0.00048	0.10412	0.00384	0.25884	0.0594814285714
PRR7	0.38037	0.00032	2e-05	0.02384	0.01633	0.00018	3e-05	0.0601557142857
SKP1	0.02427	0.00077	0.0505	0.00348	1e-05	0.34878	0.00218	0.0614271428571
EPHB2	7e-05	0.26531	0.00271	0.00284	0.01163	0.00263	0.1459	0.0615842857143
C2CD2	0.02169	0.15393	0.01528	0.09814	0.00803	0.13669	0.00628	0.0628628571429
LAGE3	0.09363	0.01569	1e-05	1e-05	1e-05	0.34233	0.00023	0.0645585714286
MAST2	1e-05	0.0161	1e-05	0.0945	1e-05	0.34422	0.00268	0.0653614285714
PRKAG2	3e-05	0.00433	0.06373	0.00018	3e-05	0.3937	0.00108	0.0661542857143
NFIL3	0.00588	0.01622	6e-05	1e-05	0.00327	0.453	1e-05	0.06835
SLC35B1	1e-05	1e-05	1e-05	0.00036	1e-05	0.35214	0.12591	0.06835
TRAP1	0.0004	0.18203	1e-05	0.24405	1e-05	0.05431	1e-05	0.0686885714286
FAM20B	0.00076	0.22624	1e-05	0.00024	1e-05	0.25871	1e-05	0.0694257142857
DNAJB1	1e-05	0.00021	0.43601	1e-05	1e-05	0.01358	0.03678	0.0695157142857
CENPE	1e-05	1e-05	0.48758	1e-05	1e-05	1e-05	1e-05	0.0696628571429
DUSP14	0.03243	0.00333	0.09893	1e-05	1e-05	0.00155	0.3524	0.0698085714286
MICALL1	0.06524	0.00253	0.41712	0.00268	1e-05	0.00533	5e-05	0.0704228571429
PRUNE	0.00052	0.00827	0.39028	1e-05	1e-05	0.08946	0.0049	0.0704928571429
ATMIN	0.00382	0.04166	0.26453	0.03741	1e-05	0.01273	0.13347	0.0705185714286
SPAG4	0.00012	0.03457	0.02128	0.38084	0.01157	0.04632	0.00124	0.0708485714286
ACLY	0.00087	0.35341	1e-05	7e-05	1e-05	0.15005	3e-05	0.0720642857143
PSME2	0.00044	0.04884	0.05749	1e-05	1e-05	0.38822	0.00974	0.0721071428571
PCMT1	0.01699	2e-05	0.00207	0.01613	5e-05	0.47087	1e-05	0.0723057142857
ALDOA	0.09122	0.04229	1e-05	0.14712	0.20805	0.0151	0.00273	0.07236
RALB	0.00499	0.01037	1e-05	1e-05	1e-05	0.01052	0.50204	0.0754214285714
DDIT4	7e-05	5e-05	0.00013	1e-05	0.52486	0.00637	1e-05	0.0759285714286
HADH	1e-05	0.00126	0.00044	0.0028	0.00481	0.52307	1e-05	0.0760571428571
CCND1	0.01279	1e-05	1e-05	1e-05	1e-05	0.00016	0.51996	0.0761357142857
KIAA0100	0.00701	0.51832	0.00014	2e-05	1e-05	0.01111	1e-05	0.07666
TOP2A	1e-05	1e-05	0.53929	1e-05	1e-05	2e-05	1e-05	0.0770514285714
TRAK2	1e-05	0.16768	0.34184	0.00554	0.01177	0.01929	5e-05	0.0780257142857
NRAS	0.01466	0.03552	5e-05	9e-05	1e-05	0.49446	0.00299	0.0782542857143
ENOSF1	0.02363	3e-05	0.38581	0.01317	0.00619	0.02402	0.09829	0.0787342857143
MOK	0.02273	0.02689	0.04575	0.19947	0.16612	0.07046	0.02283	0.0791785714286
TRAM2	0.36354	0.16769	1e-05	3e-05	0.00882	0.01119	0.0039	0.0793114285714
GFPT1	3e-05	0.00036	3e-05	0.01026	1e-05	0.49707	0.04833	0.0794414285714
CBR3	0.00217	1e-05	0.00682	1e-05	0.00037	5e-05	0.54969	0.0798742857143
ADI1	0.00589	1e-05	0.2485	0.08391	3e-05	0.00492	0.22307	0.0809042857143
PLK1	1e-05	1e-05	0.5714	1e-05	1e-05	1e-05	1e-05	0.0816371428571
HDGFRP3	1e-05	1e-05	0.55897	0.00908	0.00221	0.00152	1e-05	0.0816871428571
TOPBP1	0.34908	0.0001	0.22609	0.00165	0.00824	0.00019	9e-05	0.0836342857143
PDS5A	3e-05	0.00621	0.04494	0.00398	0.25508	0.26764	0.02008	0.0854228571429
ZW10	0.58655	0.00057	0.00071	1e-05	0.01078	0.00019	0.0001	0.0855585714286
PTPN12	0.00074	1e-05	0.05851	0.00027	0.02326	0.0002	0.52032	0.0861871428571
HES1	0.0002	0.00497	0.0538	0.28369	0.09361	0.00273	0.1682	0.0867428571429
ABCB6	0.00117	0.00034	1e-05	0.0007	1e-05	0.60752	0.00082	0.0872242857143
HOXA5	0.26283	0.00212	0.18133	0.06798	0.02625	0.00532	0.06554	0.0873385714286
SMARCD2	0.01191	0.23174	0.17353	0.15613	0.03923	6e-05	0.00021	0.0875442857143
MTF2	1e-05	1e-05	0.00285	0.23773	1e-05	0.0038	0.37241	0.0881171428571
SACM1L	0.00287	0.01252	0.1873	0.12778	1e-05	0.13984	0.1466	0.0881314285714
LYPLA1	0.0387	0.23668	0.01654	0.10007	0.21973	0.00539	0.00596	0.08901
TSPAN3	0.10823	0.08144	0.00019	1e-05	1e-05	0.03226	0.40206	0.0891714285714
SNX11	0.00408	0.53962	0.0001	1e-05	0.02367	0.05931	0.0017	0.0897842857143
RPP38	0.00059	0.02216	0.0001	1e-05	1e-05	0.61539	0.00746	0.0922457142857
IER3	1e-05	0.00027	4e-05	0.0762	1e-05	0.01032	0.55946	0.09233
PIH1D1	0.07644	0.00047	0.11853	0.00325	0.06894	8e-05	0.38827	0.0937114285714
COL1A1	0.0312	0.17096	0.23338	0.09834	1e-05	0.12906	2e-05	0.09471
SYNE2	0.01589	0.01408	0.62122	1e-05	0.00082	0.00015	0.01121	0.0947685714286
PMAIP1	2e-05	1e-05	0.09405	1e-05	0.57685	0.0003	1e-05	0.0958928571429
PSMD10	0.0401	0.00035	0.06671	0.4757	1e-05	0.08979	0.00018	0.09612
HYOU1	0.01404	0.16363	0.07449	0.19934	0.14111	0.00463	0.07606	0.0961857142857
SPTLC2	0.0014	0.00062	0.47985	1e-05	1e-05	0.00512	0.19601	0.0975742857143
RAC2	0.00031	0.43445	0.0283	0.06453	0.00469	0.00036	0.15056	0.0976
MNAT1	1e-05	4e-05	1e-05	3e-05	1e-05	0.6762	0.0095	0.0979714285714
CBR1	1e-05	0.00141	2e-05	2e-05	1e-05	0.6863	2e-05	0.0982557142857
LPGAT1	0.00694	0.6513	1e-05	0.00409	0.02223	0.00478	0.00268	0.0988614285714
AKAP8	5e-05	0.34552	0.02181	0.09398	0.0212	0.20767	0.00195	0.0988828571429
TOMM70A	0.33406	0.00265	0.00031	0.13693	0.08065	0.1384	0.00196	0.09928
CDK6	1e-05	1e-05	0.30334	0.08263	0.04545	0.06141	0.20484	0.09967
SUZ12	1e-05	1e-05	0.18996	1e-05	0.47089	1e-05	0.03681	0.0996714285714
HSPB1	2e-05	0.28201	0.07762	1e-05	0.043	0.29734	0.00013	0.100018571429
GPC1	0.00417	0.00023	0.17341	0.26821	0.16112	0.09537	0.00047	0.100425714286
ARHGEF2	0.00019	0.02036	0.69385	1e-05	0.00019	0.00394	8e-05	0.10266
HSPA4	0.06018	0.19457	0.09366	0.00199	0.15889	0.17227	0.04909	0.104378571429
KIAA1279	0.0002	0.14143	0.27274	0.00697	1e-05	0.20296	0.1105	0.104972857143
TOMM34	0.23647	1e-05	0.32827	0.01703	1e-05	0.00333	0.15406	0.105597142857
IKBKAP	0.08883	0.44275	3e-05	0.00279	6e-05	0.20369	0.00145	0.105657142857
MYC	0.01714	1e-05	0.24641	0.00745	0.33693	0.01156	0.12225	0.105964285714
DUSP3	4e-05	0.15852	0.07791	0.04437	0.06461	0.37923	0.01804	0.106102857143
STMN1	1e-05	1e-05	0.74654	1e-05	1e-05	1e-05	1e-05	0.106657142857
ABL1	0.0872	0.00033	0.33645	0.02879	0.0585	0.22536	0.01561	0.107462857143
DNTTIP2	3e-05	4e-05	0.20391	7e-05	2e-05	0.54783	0.00105	0.107564285714
ZMYM2	0.00014	0.13948	0.26488	0.06074	0.16091	0.05085	0.07986	0.108122857143
CLIC4	0.00011	0.00036	0.25644	1e-05	0.20204	0.03964	0.26041	0.10843
HSD17B10	0.01746	0.00146	2e-05	0.00056	1e-05	0.74102	1e-05	0.108648571429
HOMER2	0.0897	0.01253	7e-05	0.31169	1e-05	0.20178	0.15587	0.110235714286
LAMA3	0.28324	0.02407	0.04175	0.01807	0.00204	0.01327	0.39198	0.110631428571
XPNPEP1	0.06368	0.23714	0.00176	0.4598	1e-05	0.01401	2e-05	0.110917142857
PLOD3	3e-05	0.14955	2e-05	0.38605	1e-05	0.00744	0.23908	0.11174
SMC3	0.00126	2e-05	0.59538	0.07959	0.05083	0.06297	3e-05	0.112868571429
PRSS23	0.05255	0.00091	0.02075	0.00536	1e-05	0.23516	0.47619	0.11299
CDC42	0.01575	0.0554	0.00471	1e-05	1e-05	0.31891	0.39789	0.11324
P4HA2	0.00112	0.63839	0.05463	0.00528	2e-05	0.09503	2e-05	0.113498571429
CGRRF1	0.1488	0.13692	0.04083	0.00063	0.1427	0.28324	0.04524	0.114051428571
TXLNA	0.00022	0.00145	1e-05	0.02177	1e-05	0.01324	0.76678	0.114782857143
ERO1L	1e-05	1e-05	0.08824	3e-05	0.0022	2e-05	0.71764	0.11545
TM9SF2	0.13154	0.01729	0.41175	0.01839	3e-05	0.06501	0.17086	0.11641
YKT6	1e-05	1e-05	0.81498	1e-05	1e-05	1e-05	1e-05	0.116434285714
SCP2	0.64386	2e-05	0.05103	0.01825	0.00024	0.05924	0.04619	0.116975714286
PAFAH1B3	0.03208	0.0382	8e-05	1e-05	1e-05	0.11357	0.63528	0.117032857143
TXNDC9	0.00951	0.00042	0.00029	0.77777	0.04548	0.00122	1e-05	0.119242857143
BLMH	0.00514	0.00018	0.81865	0.00031	1e-05	0.0108	1e-05	0.1193
CSK	1e-05	0.53379	0.27053	0.03105	0.0001	0.00032	6e-05	0.119408571429
CCNB2	0.00065	0.25823	0.28009	2e-05	4e-05	0.11892	0.18055	0.119785714286
KEAP1	0.0077	0.0005	0.2176	0.21513	0.00179	0.3852	0.01341	0.12019
USP6NL	0.58773	0.00035	0.05033	1e-05	0.01285	0.0023	0.18908	0.120378571429
SFN	0.71378	0.00835	1e-05	0.11986	1e-05	0.00297	7e-05	0.120721428571
ELAC2	0.66231	0.02142	0.00216	0.10993	0.01668	0.00318	0.03162	0.121042857143
TEX10	0.021	0.01287	1e-05	0.40307	0.15505	0.04158	0.23412	0.123957142857
PAK6	0.00628	0.70766	0.12593	0.01041	0.00025	0.02152	1e-05	0.12458
RAD51C	1e-05	1e-05	0.00807	0.16266	1e-05	0.70844	3e-05	0.125604285714
CYCS	0.37015	0.01006	1e-05	0.1517	5e-05	0.27562	0.0754	0.126141428571
WFS1	0.06288	0.00132	0.39314	1e-05	1e-05	0.01956	0.40748	0.126342857143
EPB41L2	0.00175	2e-05	0.73065	0.00089	1e-05	0.1537	1e-05	0.126718571429
FASTKD5	1e-05	0.00039	0.1805	0.57104	2e-05	0.13216	0.00433	0.126921428571
TMEM5	0.02083	0.6333	5e-05	1e-05	0.00309	0.00053	0.23352	0.127332857143
OXSR1	0.09863	0.00488	1e-05	0.01692	0.17374	0.03488	0.56301	0.127438571429
NUDCD3	0.41005	0.14151	0.01095	0.02208	0.15235	0.00679	0.15284	0.128081428571
HMGA2	3e-05	1e-05	0.48275	0.04487	0.06899	0.02703	0.28247	0.12945
KIF14	1e-05	1e-05	0.91299	2e-05	0.00016	1e-05	5e-05	0.130464285714
DRAP1	0.00126	0.70735	1e-05	0.19333	1e-05	0.01121	0.00021	0.130482857143
MAPK13	0.00448	0.24627	0.00169	0.43387	0.01891	0.02373	0.18644	0.13077
EIF4G1	1e-05	1e-05	0.00024	2e-05	1e-05	0.92579	0.00016	0.13232
MAP4K4	0.01684	0.00775	0.00058	0.00374	0.00018	0.00022	0.89855	0.132551428571
ATP1B1	0.00123	0.01676	2e-05	0.00919	1e-05	0.39404	0.50929	0.132934285714
RHOA	0.01404	0.43121	0.00137	1e-05	5e-05	0.47971	0.00787	0.133465714286
KIF20A	1e-05	1e-05	0.92187	1e-05	0.00098	0.00177	0.00968	0.133475714286
PPIE	0.00918	1e-05	0.06799	0.09027	0.27981	0.26943	0.22065	0.133905714286
CDKN1A	0.08185	0.24957	0.48563	1e-05	0.08968	0.01433	0.01793	0.134142857143
BCL2	0.00394	0.42354	0.49593	0.01011	1e-05	0.00426	0.00215	0.134277142857
RRAGA	0.10644	0.13809	0.04752	0.00146	1e-05	0.65195	0.00485	0.13576
CD320	0.00346	1e-05	0.00424	0.08994	1e-05	2e-05	0.85648	0.136308571429
TIAM1	2e-05	0.0002	0.17758	0.75513	0.02268	8e-05	0.00333	0.137002857143
USP22	0.05464	0.02039	0.24043	0.00615	0.34021	0.07738	0.22717	0.138052857143
COPB2	0.03529	0.00167	0.00101	0.02389	2e-05	0.77592	0.13005	0.138264285714
GLOD4	0.00143	0.39341	0.4883	0.01368	0.04344	0.01349	0.02647	0.140031428571
CCNB1	1e-05	1e-05	0.6346	0.31676	0.00141	0.02612	0.00633	0.140748571429
ITGB5	3e-05	0.0003	0.04608	0.17237	0.43882	0.00095	0.32682	0.140767142857
LOXL1	0.1277	0.70496	0.00179	0.1262	0.00026	0.03216	0.00069	0.141965714286
DNM1	3e-05	0.00179	0.03205	0.27872	0.00663	0.67575	1e-05	0.14214
KCNK1	0.00297	0.22835	0.16837	0.00084	0.04272	0.53909	0.01543	0.142538571429
INPP4B	0.00043	0.43075	0.00305	0.00087	0.29476	0.1183	0.15404	0.143171428571
SLC25A13	1e-05	0.05333	0.04143	0.72236	0.00173	0.16282	0.02103	0.143244285714
CASP7	0.00077	6e-05	3e-05	1e-05	1e-05	0.00817	0.99414	0.143312857143
WRB	0.06699	3e-05	0.06925	0.00554	1e-05	0.6963	0.16559	0.143387142857
ZDHHC6	0.00036	0.18627	0.14581	0.10989	1e-05	4e-05	0.56368	0.143722857143
MTERFD1	0.00142	1e-05	0.41714	0.11044	0.00363	0.47702	1e-05	0.144238571429
RAB4A	0.01029	0.28561	0.46075	0.15062	0.04076	0.01759	0.051	0.145231428571
SLC25A4	0.26456	0.21771	0.04596	0.0001	1e-05	0.06024	0.43235	0.145847142857
FAH	0.98259	0.02508	1e-05	1e-05	1e-05	0.01354	0.00035	0.145941428571
MYO10	1e-05	0.00078	0.30385	0.00012	0.00018	0.00372	0.72097	0.14709
DCTD	0.00091	0.10329	9e-05	0.05081	0.18979	0.09401	0.5945	0.147628571429
XPO7	0.12907	0.00013	0.34385	0.00257	1e-05	0.30697	0.25257	0.147881428571
BIRC2	3e-05	0.04477	0.46694	0.0026	0.07593	0.03036	0.41581	0.148062857143
IKBKE	0.05467	0.62813	1e-05	0.00469	0.03534	0.20728	0.1065	0.148088571429
TLE1	0.01923	0.42655	0.17537	0.01087	0.07025	0.12017	0.21556	0.148285714286
SCYL3	0.02478	0.3399	0.09567	0.18374	0.30585	0.0535	0.03667	0.148587142857
PLEKHJ1	0.07904	0.36797	0.42114	0.00305	0.16533	0.00038	0.00663	0.149077142857
PRKCH	0.00065	0.37047	0.00099	0.02789	0.04843	0.59183	0.00581	0.149438571429
PIK3C2B	0.40105	0.19444	1e-05	8e-05	0.04493	0.38616	0.02923	0.150842857143
PDIA5	0.0208	0.00032	0.46252	0.06445	4e-05	0.32223	0.19136	0.151674285714
GAPDH	3e-05	0.19904	0.16509	0.12694	1e-05	0.20809	0.36373	0.151847142857
DFFB	0.27198	0.02652	0.01857	0.21467	0.42905	0.10309	0.00032	0.152028571429
TPM1	0.0001	0.3661	1e-05	0.19297	1e-05	0.31254	0.19832	0.152864285714
RAB27A	0.03441	0.31735	0.26618	0.01079	0.08802	0.28601	0.06781	0.152938571429
HN1L	1e-05	0.00629	0.00066	1e-05	0.00076	0.47272	0.59654	0.153855714286
TMEM2	1e-05	0.03935	2e-05	0.00357	0.64903	0.19625	0.19262	0.154407142857
NUCB2	0.00022	2e-05	0.00875	0.00013	0.3611	0.06227	0.65165	0.154877142857
POLB	0.46145	0.00731	0.16584	0.02087	0.42876	0.00049	1e-05	0.154961428571
RGS2	0.00075	1e-05	0.4335	0.45429	0.09209	0.10181	0.00299	0.155062857143
E2F2	0.06919	0.01096	0.72871	0.02245	0.00541	0.10537	0.14659	0.155525714286
EVL	0.29256	0.11925	0.00128	0.40116	0.26769	0.00541	0.00509	0.156062857143
FDFT1	0.00473	0.31086	0.00166	2e-05	0.04974	0.72555	1e-05	0.156081428571
CSNK1A1	0.14834	0.29106	0.01045	0.08209	0.03228	0.25708	0.27147	0.15611
OXCT1	0.00158	0.96843	0.0001	0.10461	2e-05	0.0294	1e-05	0.157735714286
VGLL4	0.02311	0.07668	0.39669	0.19452	0.04658	0.19938	0.17018	0.158162857143
INPP1	0.44206	6e-05	0.0002	0.60364	0.06107	0.00758	1e-05	0.159231428571
FOSL1	1e-05	1e-05	1e-05	0.59235	0.52449	2e-05	1e-05	0.159557142857
PFKL	0.01254	0.42942	0.10178	0.38031	0.00406	0.1795	0.01404	0.160235714286
SRC	0.03784	0.00012	0.02348	0.88781	0.12835	0.01977	0.02931	0.160954285714
CASP3	5e-05	0.03	0.58286	0.05255	0.45214	0.00943	0.00589	0.161845714286
PHF15	3e-05	0.24364	0.46077	0.42855	1e-05	0.00108	0.00023	0.162044285714
STAT1	0.01052	0.3743	0.12777	1e-05	0.001	0.00528	0.62021	0.162727142857
SLC25A46	0.58399	0.02065	0.09223	0.06193	0.02757	0.22692	0.12923	0.163217142857
TMCO1	0.00043	0.00038	0.46302	0.08454	8e-05	0.17399	0.42323	0.163667142857
NCAPD2	0.36966	1e-05	0.71133	0.0007	0.06916	0.00056	0.00013	0.164507142857
CAB39	1e-05	0.0813	0.56087	0.16006	0.14437	0.00023	0.20713	0.164852857143
CEBPA	0.59535	0.26555	0.02361	0.01175	1e-05	0.2595	1e-05	0.165111428571
AKT1	0.02004	0.98353	0.00087	0.00566	6e-05	0.14678	3e-05	0.165281428571
TSKU	0.05972	0.29909	0.00266	0.31131	0.00021	0.1148	0.37013	0.165417142857
GTF2E2	1e-05	0.01358	0.03721	0.02941	0.1791	0.91063	0.00031	0.167178571429
PLS1	0.00285	0.01802	0.07181	7e-05	0.31119	0.00954	0.76164	0.167874285714
SMARCA4	1e-05	0.73979	0.05234	1e-05	1e-05	0.30242	0.08335	0.168275714286
GALE	0.28336	0.62554	1e-05	1e-05	1e-05	0.23812	0.03292	0.168567142857
ABCC5	4e-05	0.63021	0.11724	0.26611	0.07419	0.075	0.0212	0.169141428571
UBE3B	0.04525	0.15906	0.21895	0.07796	0.3637	0.19627	0.12344	0.169232857143
TWF2	0.0022	0.78546	0.08277	1e-05	0.21114	0.11247	0.00016	0.170601428571
WASF3	0.76432	0.40393	6e-05	0.01979	0.00145	9e-05	0.0114	0.171577142857
KIF5C	1e-05	0.00567	0.72848	0.43531	0.0122	0.00014	0.02284	0.172092857143
CDC20	1e-05	0.0006	0.20559	0.01077	1e-05	0.00084	0.98883	0.172378571429
RALA	0.03915	0.1659	0.06282	0.13009	0.02894	0.69061	0.09039	0.172557142857
CCNH	0.73915	0.00476	0.44147	1e-05	0.00033	0.01072	0.01171	0.172592857143
RHEB	1e-05	0.06035	0.51405	1e-05	0.00166	0.26149	0.37157	0.172734285714
STAMBP	0.4143	0.05509	0.00941	1e-05	2e-05	0.36495	0.3665	0.172897142857
IKBKB	0.31846	0.22448	0.10425	0.14744	0.36826	0.02072	0.02935	0.17328
MAT2A	0.00068	0.49085	0.05045	0.01252	0.31441	0.00967	0.33504	0.173374285714
RRP12	0.75302	0.16346	1e-05	0.03166	0.15153	0.10106	0.02324	0.174854285714
SLC35F2	4e-05	1e-05	0.02857	0.0109	0.67505	0.22889	0.2812	0.174951428571
ENOPH1	0.16226	0.02213	0.00228	0.99789	0.02017	0.01317	0.01567	0.176224285714
NUSAP1	0.00079	0.17278	0.95763	0.00108	2e-05	3e-05	0.10587	0.176885714286
GNB5	0.01452	0.51548	6e-05	0.02409	0.00272	0.68347	1e-05	0.177192857143
ECD	0.00098	0.03535	0.00269	0.00036	1e-05	0.81785	0.38664	0.177697142857
PLP2	0.01602	0.31262	0.19021	0.10699	0.24823	0.00043	0.37373	0.178318571429
BLCAP	0.13821	0.08534	0.0146	0.05504	0.27752	0.46422	0.21757	0.178928571429
CCDC90A	0.00609	0.00301	0.00038	0.16831	0.5367	0.06164	0.47924	0.179338571429
ARPP19	2e-05	0.05293	0.18605	0.00041	0.20508	0.76997	0.04439	0.179835714286
KIF2C	0.03522	0.03319	0.0155	0.47171	0.0062	0.24135	0.46725	0.181488571429
PLA2G15	0.06933	0.14104	0.01155	0.02991	0.00016	0.76349	0.25748	0.181851428571
BHLHE40	0.02373	2e-05	0.08281	0.18692	0.43281	0.54757	7e-05	0.18199
PPP2R3C	0.24791	0.00264	0.00052	0.83703	0.10927	0.04137	0.03676	0.182214285714
PPIC	0.57487	0.04612	0.00152	6e-05	0.42496	0.10514	0.12357	0.18232
CYTH1	5e-05	0.01805	0.6452	0.01022	0.00263	0.18836	0.42291	0.183917142857
TXNRD1	0.0024	0.92567	0.1416	1e-05	0.0003	0.22043	8e-05	0.184355714286
IGHMBP2	1e-05	0.00013	0.0632	0.83568	0.39517	0.00116	0.00231	0.18538
CCDC86	0.00079	0.00023	0.04485	0.01288	0.54577	0.67439	0.01889	0.1854
RPIA	0.00607	1e-05	0.15436	0.57634	0.05164	0.01831	0.49493	0.185951428571
SMNDC1	1e-05	0.00107	0.16251	2e-05	0.77924	0.36051	1e-05	0.186195714286
GTPBP8	0.17443	0.71873	0.05006	0.01461	0.00318	0.18081	0.16691	0.186961428571
IGF2BP2	0.00141	0.00067	0.00967	0.16883	0.675	0.37062	0.08492	0.187302857143
RPS6KA1	0.00683	0.00812	0.00164	2e-05	1e-05	0.67631	0.62398	0.18813
PTGS2	0.04308	0.00223	0.40787	0.11795	0.0004	0.65339	0.09455	0.188495714286
NRIP1	0.01826	0.6651	5e-05	0.02972	0.42627	0.11837	0.06439	0.18888
HOXA10	0.87922	0.00019	0.02597	3e-05	3e-05	0.28368	0.14121	0.190047142857
PTPN1	0.00273	0.06758	0.45979	0.07181	0.10182	0.62671	3e-05	0.190067142857
SMC1A	0.2929	1e-05	0.64553	0.20361	1e-05	0.18726	0.00605	0.190767142857
CASC3	0.54121	0.00128	0.02843	0.07376	0.03031	0.63962	0.02137	0.190854285714
CNOT4	0.00088	0.18706	0.06697	0.00045	9e-05	0.17188	0.91236	0.191384285714
POLR1C	0.83843	0.00377	0.00113	0.00059	0.00577	0.23441	0.25717	0.19161
ANO10	0.24737	0.26184	0.00903	0.00199	4e-05	0.25883	0.56242	0.191645714286
HSPA8	0.00013	0.4939	1e-05	0.01533	1e-05	0.04365	0.7944	0.19249
YTHDF1	0.01024	0.05147	0.00197	0.14554	0.96187	0.16325	0.02184	0.19374
STX1A	3e-05	3e-05	0.87152	0.08607	0.10585	0.00019	0.29251	0.193742857143
CPSF4	0.0025	0.00032	0.4713	0.07448	0.31244	0.43986	0.05693	0.193975714286
MRPS16	0.25317	0.26534	0.03352	0.32865	0.00888	0.18474	0.28656	0.194408571429
METRN	0.03637	0.29032	0.14833	0.0767	0.01043	0.09203	0.71342	0.195371428571
PGAM1	1e-05	0.30978	0.00038	0.99995	1e-05	0.03866	0.0213	0.195727142857
RSU1	3e-05	0.35212	0.0442	0.00638	0.20413	0.76371	0.00011	0.195811428571
PCNA	1e-05	0.1138	0.38301	0.00053	1e-05	1e-05	0.88031	0.196811428571
BUB1B	0.00336	1e-05	0.72996	1e-05	0.63093	0.01711	0.00048	0.197408571429
TRAPPC3	0.05131	0.42166	0.05179	0.00376	0.05688	0.09093	0.70913	0.197922857143
JUN	0.20015	0.791	0.07358	0.02365	0.25635	0.04072	6e-05	0.19793
TOR1A	0.04609	0.46286	0.01064	0.00112	0.02856	0.69415	0.14546	0.198411428571
TP53	0.22014	0.20491	0.00025	0.00095	0.45254	0.37111	0.13945	0.198478571429
DNAJC15	0.01523	0.38722	0.43742	0.00202	0.02485	0.5321	0.00255	0.200198571429
LGMN	6e-05	0.10844	0.2755	0.09991	4e-05	0.92031	0.0008	0.200722857143
MAMLD1	0.47066	0.43401	1e-05	0.48881	0.01267	2e-05	0.00407	0.201464285714
SORBS3	0.39173	0.18883	0.56042	0.15966	0.10062	0.00924	0.00057	0.201581428571
MAPK1IP1L	0.00059	0.40225	0.44056	1e-05	0.00307	0.11623	0.45264	0.202192857143
UGDH	0.40762	0.01626	0.29475	0.00018	0.00434	0.68789	0.01006	0.203014285714
CTTN	0.13282	0.27093	0.04837	0.02186	1e-05	0.02709	0.92541	0.203784285714
FEZ2	0.08234	0.60044	0.02282	0.01795	0.00381	0.1132	0.58722	0.203968571429
DDX42	9e-05	0.3597	0.54494	0.14645	0.01146	0.26073	0.10586	0.204175714286
LRPAP1	1e-05	0.00356	0.43538	0.11529	1e-05	0.77858	0.10084	0.20481
CAT	0.19402	0.17749	0.25903	6e-05	0.5019	0.28458	0.0221	0.205597142857
LRRC16A	0.04327	0.53881	0.10831	0.00021	0.04403	0.3613	0.34629	0.206031428571
DERA	0.3141	0.18369	0.48335	0.06754	1e-05	0.00614	0.39107	0.206557142857
NCK2	0.06484	0.02856	0.67286	0.02139	0.31035	0.02547	0.33295	0.20806
ZNF451	0.23491	0.16052	0.48163	0.04806	1e-05	0.30713	0.22611	0.208338571429
BTK	0.00178	0.51489	0.51479	0.03112	0.08625	0.03538	0.2768	0.208715714286
SLC35A3	0.27703	0.09664	0.15629	0.01172	0.05094	0.47037	0.3984	0.20877
CAPN1	0.03438	0.41699	0.05854	0.17254	1e-05	0.78001	0.00069	0.209022857143
HSPA1A	1e-05	0.05418	0.21605	0.08755	0.387	0.57962	0.14132	0.20939
LYRM1	0.00366	0.02047	0.92583	0.05001	0.26535	0.06263	0.13834	0.20947
INSIG1	0.16855	0.32377	0.62615	0.00677	0.14925	0.19255	0.00072	0.20968
CD97	0.21362	0.16982	0.18924	0.50184	0.01472	0.04161	0.33773	0.209797142857
GNAI2	0.04169	0.00045	0.08735	0.35241	3e-05	0.19029	0.79872	0.210134285714
DUSP4	0.00074	0.00017	0.00012	0.38426	0.33248	0.00027	0.76473	0.211824285714
FPGS	0.50981	0.40544	3e-05	0.10853	5e-05	0.36471	0.10203	0.212942857143
IFRD2	0.00154	0.25771	1e-05	0.18263	0.3584	1e-05	0.69141	0.213101428571
CHN1	0.19778	0.05446	0.44975	0.57837	0.13997	0.06236	0.00906	0.213107142857
ARFIP2	0.27438	0.03398	0.00024	0.32491	1e-05	0.17367	0.68681	0.213428571429
H2AFV	0.65132	0.00017	0.2544	0.05195	0.51427	0.01674	0.00528	0.213447142857
DECR1	0.21222	0.01087	0.37993	0.03957	0.0902	0.3174	0.44723	0.213917142857
TSTA3	0.02393	0.29607	0.96997	1e-05	1e-05	0.18435	0.03375	0.215441428571
SGCB	0.00784	0.00358	0.73284	0.07225	1e-05	0.48927	0.20704	0.216118571429
MAPKAPK3	0.57406	0.46682	1e-05	0.07204	0.00643	0.39842	4e-05	0.216831428571
CRELD2	0.27222	0.07839	0.59322	0.06732	0.00128	0.48886	0.0178	0.217012857143
EPRS	0.00011	6e-05	0.73946	1e-05	6e-05	0.64354	0.13649	0.217104285714
KAT6A	0.50035	0.02402	0.44206	0.24441	0.00094	0.059	0.25148	0.217465714286
POLG2	0.79853	0.07694	0.07358	0.03503	0.35373	0.08617	0.10075	0.217818571429
TPD52L2	2e-05	0.01033	0.15497	0.37794	5e-05	0.70513	0.27811	0.218078571429
NIPSNAP1	0.14661	0.90638	0.03692	1e-05	6e-05	0.19579	0.24528	0.218721428571
C2CD2L	0.00303	0.92718	0.46279	8e-05	0.12081	0.00079	0.01982	0.219214285714
UTP14A	0.0082	0.30852	0.30309	0.03659	0.08712	0.79006	0.02007	0.22195
FHL2	0.06764	0.11805	0.22257	0.9255	0.05337	0.00655	0.17402	0.223957142857
PEX11A	0.02	0.59737	0.01042	0.0445	7e-05	0.90618	0.00485	0.226198571429
ARL4C	0.4771	2e-05	0.20042	0.16096	0.4258	0.1663	0.1589	0.227071428571
PCCB	0.05579	0.40147	0.00011	0.95412	0.05908	0.12504	0.00023	0.227977142857
CXCL2	0.29012	0.32326	0.00027	0.0527	0.02017	0.28659	0.62587	0.228425714286
NNT	0.37477	0.02742	0.05582	0.0031	0.00217	0.78215	0.35481	0.228605714286
PSIP1	0.0432	0.35966	0.24052	0.83806	0.00521	0.0389	0.07658	0.228875714286
ME2	0.52589	0.99191	1e-05	0.0744	0.00053	0.01133	1e-05	0.229154285714
EDEM1	0.0438	0.816	0.25912	0.03533	0.17657	0.16916	0.10504	0.229288571429
HMOX1	0.0151	0.18285	0.48493	0.01663	0.19697	0.54249	0.1695	0.229781428571
BAMBI	0.00673	0.00014	1e-05	0.17426	0.47641	0.35642	0.59495	0.229845714286
TP53BP1	0.05922	0.81816	0.07026	0.05475	0.00914	0.22744	0.37093	0.229985714286
S100A4	0.00319	0.05089	0.50861	0.98374	0.00183	0.06054	0.00673	0.23079
CRYZ	1e-05	0.01391	0.52234	0.00019	1e-05	0.54133	0.53947	0.231037142857
TIMM9	0.01999	0.01831	0.07716	0.69469	0.33862	0.12244	0.34693	0.231162857143
ACOT9	0.01781	0.72498	1e-05	0.14493	0.00161	0.10141	0.63135	0.231728571429
PNKP	0.05876	0.77447	0.00933	0.09944	0.00344	0.13093	0.54605	0.231774285714
ADO	0.0018	0.77511	0.00018	0.00648	2e-05	0.00309	0.83708	0.231965714286
DUSP6	7e-05	0.00065	0.24004	0.67485	0.2358	1e-05	0.47252	0.231991428571
PDGFA	1e-05	0.59741	0.01426	0.01053	0.02271	0.75417	0.22721	0.232328571429
NFKBIA	0.18441	0.26259	0.16224	0.17	0.04098	0.62297	0.187	0.232884285714
GSTM2	0.01761	0.00861	0.80181	0.0183	0.54028	0.03268	0.21423	0.23336
NMT1	0.83005	0.001	0.60443	0.03795	0.10292	0.05314	0.01909	0.235511428571
FIS1	0.50668	0.02567	0.18791	0.21911	0.1013	0.08646	0.52188	0.235572857143
ADCK3	0.00239	0.02523	0.5004	0.28498	0.17988	0.00601	0.6513	0.235741428571
UBE3C	0.00058	0.97277	0.047	0.1453	0.00103	0.01697	0.47467	0.236902857143
TLR4	1e-05	0.30564	0.67567	0.13255	0.06201	0.33793	0.1468	0.23723
RB1	0.69332	0.04894	0.83117	0.0001	0.04982	0.0003	0.04201	0.237951428571
ABCF3	0.00891	0.20193	0.56507	0.3061	7e-05	0.00919	0.57927	0.238648571429
PTPLAD1	0.00123	0.4823	0.57629	0.0807	0.17589	0.23672	0.11818	0.238758571429
ERBB3	0.05739	0.27309	0.32093	0.10828	0.26329	0.36261	0.29269	0.239754285714
CORO1A	0.00903	0.03863	0.63975	0.49624	0.28115	0.10827	0.10714	0.24003
CANT1	0.03714	0.63242	0.0199	0.12259	0.04982	0.22444	0.59835	0.240665714286
ETV1	0.00147	1e-05	0.45654	0.01719	0.44075	1e-05	0.77398	0.241421428571
KIAA0355	3e-05	0.06996	0.16068	0.22325	0.17989	0.38214	0.67917	0.24216
HEBP1	0.27159	0.28849	0.19905	0.46727	0.09559	0.37098	0.00341	0.24234
TCFL5	0.37817	0.76029	0.11504	0.0372	0.40144	0.00628	0.00103	0.242778571429
FOXO3	0.10439	0.40493	0.37717	0.1585	0.2217	0.24228	0.20111	0.244297142857
EGR1	0.00627	0.30509	0.00031	0.6756	0.18631	0.38616	0.16459	0.246332857143
SERPINE1	0.37986	0.15363	0.29259	0.00417	0.02288	0.52565	0.35237	0.247307142857
SQRDL	0.87897	0.00087	0.09852	0.04264	0.01162	0.10216	0.6002	0.247854285714
TBC1D9B	0.29684	0.41742	0.12178	0.14106	0.12831	0.48355	0.14729	0.248035714286
ABHD6	0.57462	1e-05	0.05289	0.00105	0.58679	0.01636	0.51753	0.249892857143
DYNLT3	1e-05	0.6244	0.62354	0.01408	3e-05	0.01403	0.47519	0.250182857143
CALM3	0.64659	0.07559	0.25822	0.00773	0.34375	0.25103	0.17098	0.250555714286
SH3BP5	0.53616	0.1275	0.00019	0.11137	0.41084	0.47345	0.09859	0.251157142857
TARBP1	0.0182	0.81666	0.58829	0.01623	0.0773	0.01664	0.22508	0.2512
GPATCH8	0.00801	0.29423	0.17865	0.2378	0.0133	0.19002	0.8405	0.251787142857
HSD17B11	0.00049	0.13406	0.73962	0.22366	0.4496	0.05838	0.15924	0.25215
CEBPD	0.04972	0.03775	0.4258	0.25157	0.05521	0.42819	0.52065	0.252698571429
PTPN6	0.08751	0.05422	0.4494	0.03942	0.44571	0.2539	0.44662	0.253825714286
NT5DC2	3e-05	0.0138	0.86984	2e-05	0.03854	0.01676	0.84409	0.254725714286
ANKRD10	0.2235	0.20693	0.79178	0.35939	0.0326	0.17161	3e-05	0.25512
SYNGR3	0.01066	0.39727	0.7958	0.07896	0.09869	0.40453	0.00011	0.255145714286
STK10	0.0323	0.02533	0.05662	0.70826	0.70316	0.02044	0.24917	0.256468571429
ICAM1	0.12627	0.12319	0.76133	0.01247	0.14054	0.5976	0.03886	0.25718
TCEAL4	0.27823	0.15741	0.39055	0.0603	0.08062	0.63407	0.1993	0.257211428571
EGF	0.01424	0.76343	0.12112	3e-05	0.33591	0.56829	0.0003	0.257617142857
GATA2	0.40195	0.10055	0.98038	0.0925	0.00069	0.04396	0.18517	0.257885714286
PDLIM1	0.65569	0.33181	0.45901	0.01145	0.08631	0.15355	0.10829	0.258015714286
MLLT11	1e-05	1e-05	1e-05	0.72237	0.12549	0.95807	0.00028	0.258034285714
CLTC	0.27795	0.2714	0.0046	0.07496	3e-05	0.41461	0.76611	0.258522857143
ZNF318	0.10139	0.97462	0.20831	0.02023	0.45963	0.03959	0.00714	0.258701428571
GADD45B	0.46591	0.20996	0.31998	0.20018	0.0258	0.18231	0.41539	0.259932857143
MSRA	0.89714	0.07535	0.00788	0.00011	1e-05	0.84143	0.00179	0.26053
NCK1	0.55965	0.1118	0.02048	0.34112	0.00014	0.79375	0.00124	0.261168571429
CLPX	3e-05	0.33536	0.61599	0.01174	0.09204	0.09283	0.68444	0.261775714286
THAP11	0.46815	0.97378	0.10239	0.04957	1e-05	0.13309	0.10857	0.262222857143
LYN	0.00027	0.55495	0.00691	0.08109	0.19574	0.9715	0.02567	0.262304285714
ID2	0.00808	0.04172	0.35172	0.67344	0.30955	0.45736	0.0004	0.263181428571
STXBP1	0.00097	0.49018	0.08014	0.02574	0.73433	0.10846	0.40578	0.263657142857
TGFBR2	0.0061	0.3571	0.03385	0.23091	0.06611	0.38992	0.76285	0.263834285714
TSPAN6	0.2709	0.07709	0.18074	0.00897	1e-05	0.51426	0.79815	0.264302857143
MRPS2	0.15495	0.0221	0.00057	0.17256	0.07118	0.90201	0.53168	0.265007142857
ABHD4	0.15377	0.19936	0.42489	0.02359	0.36256	0.49616	0.19997	0.265757142857
EGFR	0.0406	0.19986	0.76094	0.01598	0.00839	0.28457	0.55941	0.267107142857
ACD	0.51145	0.28927	1e-05	0.42342	0.54118	0.07062	0.05083	0.26954
CISD1	0.29982	0.09587	0.81304	1e-05	0.40227	0.27945	1e-05	0.270067142857
DDX10	0.0047	0.00016	0.00553	0.34536	1e-05	0.5456	0.99381	0.270738571429
CDK19	0.22533	0.36208	0.57599	0.00578	0.09316	0.28348	0.34973	0.270792857143
IGFBP3	1e-05	0.00053	0.447	0.68391	0.62913	0.12058	0.01781	0.271281428571
FOXJ3	5e-05	0.09411	0.03308	0.49043	0.3635	0.21799	0.70165	0.271544285714
YME1L1	0.37196	2e-05	0.88984	0.0029	0.09187	0.54438	1e-05	0.271568571429
AGL	0.15538	0.91123	0.24163	0.00282	0.00043	0.58768	0.00395	0.271874285714
IARS2	0.28576	0.12486	0.00682	0.81944	0.02222	0.61851	0.02601	0.271945714286
SPRED2	0.1393	0.02336	0.0051	0.31362	0.5296	0.46115	0.44292	0.273578571429
ADAT1	0.22809	0.72839	0.52509	0.00019	0.2253	0.02853	0.18463	0.274317142857
PPP2R5A	0.48317	0.52643	0.37434	0.0317	0.00036	0.24046	0.26497	0.27449
FAT1	0.08923	0.71882	1e-05	0.06752	0.05174	0.27094	0.72939	0.275378571429
PECR	0.65752	0.31323	0.12947	0.01549	0.00025	0.10737	0.70536	0.275527142857
GNAI1	0.20983	0.66262	0.44724	0.01968	0.09261	0.30694	0.19011	0.275575714286
KLHL9	0.0406	0.94958	0.04871	0.02522	0.01201	0.32863	0.53121	0.276565714286
UBE2A	0.00017	0.51488	0.3928	0.00301	1e-05	0.55164	0.47465	0.276737142857
SLC11A2	0.08693	0.11049	0.01801	0.00283	0.73529	0.473	0.52565	0.278885714286
TBX2	1e-05	0.99379	0.38591	0.25016	0.12616	0.20429	0.00663	0.280992857143
UBQLN2	0.04849	0.67604	0.83768	0.0045	0.03752	0.21719	0.14607	0.28107
CCDC92	0.37215	0.56739	0.16895	0.17871	0.28682	0.00909	0.39961	0.283245714286
GOLT1B	0.00706	0.00069	0.86169	0.54786	2e-05	0.38683	0.19021	0.284908571429
PACSIN3	2e-05	0.59537	0.23634	0.37769	2e-05	0.08205	0.70396	0.285064285714
CALU	0.63303	1e-05	1e-05	1e-05	1e-05	0.50082	0.86701	0.285842857143
FBXO7	0.49306	0.12588	0.36403	0.09301	0.31412	0.39062	0.22102	0.285962857143
TUBB6	0.01786	0.39298	5e-05	0.79069	1e-05	0.09341	0.7112	0.2866
ERBB2	0.26152	0.46145	0.42681	0.03606	0.30695	0.23832	0.27947	0.287225714286
NR2F6	1e-05	0.35021	0.88203	0.14549	0.02387	0.61911	0.00033	0.288721428571
ATF6	0.02708	0.39601	0.44075	0.00187	0.00419	0.31243	0.84043	0.288965714286
PSMD4	0.6676	0.03415	0.20781	0.09564	0.0567	0.84192	0.11976	0.289082857143
TIPARP	0.04548	0.35175	0.63162	0.00489	0.02211	0.5687	0.40457	0.289874285714
PHKA1	0.68427	0.68937	0.01877	0.01083	0.31771	0.103	0.20531	0.289894285714
WDR67	0.6769	0.21477	0.53016	1e-05	0.61439	0.00073	0.00348	0.291491428571
PPARG	1e-05	0.64979	1e-05	0.8302	0.00256	0.0037	0.55846	0.292104285714
HEATR1	0.23343	0.23834	0.43216	0.03974	0.44263	0.63101	0.02751	0.292117142857
APPBP2	0.07328	0.77546	0.10482	0.01966	0.28523	0.06768	0.72511	0.293034285714
MAP2K5	0.33718	0.24083	0.04298	0.10167	0.44361	0.25289	0.63632	0.29364
ZNF274	0.1229	0.30841	0.029	0.14112	0.00041	0.73681	0.71722	0.293695714286
SLC25A14	0.52513	0.01897	0.0467	0.15287	0.8588	0.24376	0.21068	0.293844285714
GATA3	0.06077	0.93506	0.09595	0.62252	0.23542	0.00652	0.10418	0.294345714286
ETFB	0.18259	0.00588	0.69974	4e-05	0.32797	0.25075	0.59972	0.295241428571
FRS2	0.24093	0.02846	0.69991	0.07081	0.32359	0.2878	0.41694	0.295491428571
HERPUD1	0.86702	0.23794	0.06574	0.02538	0.2481	0.35442	0.27004	0.29552
PXN	0.00257	0.77801	0.0654	0.25184	0.1287	0.39489	0.4546	0.296572857143
NOSIP	0.71147	0.60115	0.4081	0.05266	0.00773	0.01481	0.28539	0.29733
RBKS	0.33186	0.46655	0.56429	0.04399	0.00882	0.47744	0.18993	0.297554285714
COG4	0.12325	0.26793	0.19688	0.19128	1e-05	0.64159	0.66373	0.29781
ADH5	0.39076	0.26846	0.7744	0.35305	0.00131	0.02818	0.26869	0.297835714286
NCOA3	0.32875	0.21679	0.34458	0.32809	0.24362	0.42555	0.2046	0.298854285714
STAT5B	0.55066	0.45226	0.83627	0.00022	0.0003	0.12788	0.12999	0.299654285714
CIRBP	0.00654	0.13572	0.46733	0.0415	0.67159	0.58048	0.19922	0.30034
SLC5A6	1e-05	3e-05	0.9991	0.01126	1e-05	0.31349	0.7819	0.300828571429
TMED10	0.92493	0.04303	0.00134	0.00055	1e-05	0.30443	0.83158	0.300838571429
ST3GAL5	0.09724	0.00037	0.05772	0.90716	0.86034	0.17999	0.01334	0.302308571429
ARID4B	0.52609	0.48475	0.21936	0.33382	0.23111	0.11305	0.22058	0.304108571429
ARHGEF12	0.91974	0.11224	0.13924	0.02615	0.38145	0.00278	0.55347	0.30501
REEP5	0.26412	0.33494	0.39764	0.19147	1e-05	0.79341	0.15524	0.305261428571
ACAA1	0.57996	0.29403	0.00012	0.43261	0.00039	0.74167	0.09908	0.306837142857
SSBP2	0.02769	0.89249	0.68326	0.24229	0.01633	0.26574	0.02574	0.307648571429
GPER	0.36739	0.584	0.26793	0.60998	1e-05	0.25952	0.06578	0.307801428571
GADD45A	0.00185	0.63141	0.04117	0.09301	0.75987	0.63077	0.0002	0.308325714286
PIK3C3	0.48216	0.44981	0.19012	0.10733	0.53627	0.13301	0.26258	0.308754285714
VAV3	0.37029	0.01701	0.20319	0.19399	0.262	0.4644	0.65338	0.30918
ACBD3	0.63374	0.17732	0.11021	0.01251	0.00207	0.76699	0.47154	0.310625714286
PAF1	0.66715	2e-05	0.19149	0.13302	0.46852	0.71516	0.00109	0.310921428571
MCOLN1	0.00286	0.86216	0.56053	0.09496	0.00769	0.02294	0.62998	0.311588571429
S100A13	0.14081	0.52548	0.01262	0.10175	0.13536	0.57793	0.69846	0.313201428571
MUC1	0.05887	0.98462	0.04657	0.2393	1e-05	0.37111	0.49484	0.313617142857
HMGCR	0.18761	0.3478	0.68018	0.00075	0.52496	0.45506	7e-05	0.313775714286
AXIN1	0.01474	0.39831	0.20489	0.08508	0.37403	0.50052	0.62609	0.314808571429
CRK	0.37783	0.89429	0.25422	0.06772	0.00354	0.1678	0.44029	0.315098571429
SKIV2L	0.64786	0.00131	0.00242	0.22982	0.0002	0.50175	0.82374	0.3153
EAPP	0.09143	0.79572	0.56644	0.01892	0.04224	0.7079	0.00456	0.318172857143
CRKL	0.16692	0.5638	0.49967	0.05645	0.79051	0.02134	0.12902	0.318244285714
CFLAR	0.02377	0.96836	0.39693	0.00463	0.00073	0.71834	0.11685	0.318515714286
TICAM1	0.0834	0.39815	0.16651	0.00026	0.28693	0.96215	0.33393	0.318761428571
GHR	0.21017	0.46391	0.21883	0.11149	0.26601	0.48445	0.47891	0.31911
PROS1	0.31394	0.3648	0.30708	0.19942	0.00055	0.65011	0.40494	0.32012
HMGCS1	0.02734	0.72703	0.01207	0.00094	0.43893	0.82152	0.21455	0.32034
PHKG2	0.79274	0.57629	0.02239	0.01001	0.29808	0.04169	0.50518	0.320911428571
DLD	0.87885	0.33448	0.00148	0.9938	1e-05	0.03484	0.00318	0.320948571429
INTS3	0.5634	0.58363	0.37264	0.02817	0.44431	0.23249	0.02315	0.321112857143
HERC6	0.33434	0.49268	0.03704	0.4464	0.6198	0.00557	0.31589	0.321674285714
BZW2	0.76506	0.84452	1e-05	0.00052	0.02555	0.62051	3e-05	0.322314285714
ATP6V1D	0.10795	0.11036	0.00989	0.83622	0.16078	0.12928	0.90716	0.323091428571
PSMB8	0.50812	0.16899	0.55384	0.03487	0.01466	0.77283	0.20861	0.323131428571
ECH1	0.03452	0.07088	0.52718	0.05098	0.21255	0.51647	0.85428	0.323837142857
NUP85	1e-05	0.99842	0.13331	0.92174	6e-05	0.03265	0.18496	0.32445
LAP3	0.64739	0.071	0.08113	0.94346	0.04557	0.3267	0.16585	0.325871428571
FZD7	1e-05	0.56513	0.28122	0.8939	0.0602	0.06174	0.42026	0.326065714286
GPR56	0.04892	0.76992	0.12569	0.40583	0.07278	0.09661	0.77147	0.327317142857
TCTN1	0.39518	0.17506	0.04666	0.08397	0.3669	0.54864	0.6749	0.32733
EIF5	0.02173	0.00691	0.30336	0.87578	0.09986	0.00807	0.9765	0.327458571429
NUP133	0.58596	0.22868	0.91327	0.01037	0.00918	0.43192	0.11382	0.3276
PRKACA	0.02528	0.71797	0.26628	0.29819	0.29601	0.305	0.38503	0.32768
MBTPS1	0.38098	0.70557	0.24641	0.02098	0.41119	0.14604	0.38617	0.328191428571
LIPA	0.32614	0.81166	1e-05	1e-05	0.68233	0.45416	0.04407	0.331197142857
SQSTM1	0.69437	0.46095	0.20252	0.05752	0.33346	0.31668	0.25378	0.331325714286
MACF1	0.00184	0.76057	0.10847	0.38623	0.25598	0.21414	0.59379	0.331574285714
PSME1	0.67916	0.38366	0.50728	0.00014	0.02558	0.42308	0.30951	0.33263
POLR2I	0.0002	0.55409	0.52826	0.5463	0.56011	0.05883	0.08069	0.33264
RAP1GAP	0.45573	1e-05	0.13876	0.18037	0.63703	0.25404	0.66457	0.33293
TMEM50A	0.00012	0.46962	0.57369	2e-05	0.55436	0.57505	0.15803	0.332984285714
ABCF1	0.0075	0.99194	0.40629	0.00456	0.00416	0.91891	0.00469	0.334007142857
CRTAP	0.11546	0.69674	0.37639	0.19088	0.15723	0.58689	0.21618	0.334252857143
SOX4	0.11589	0.23118	0.61663	0.07456	0.15318	0.3307	0.82266	0.334971428571
CPNE3	0.18298	0.41589	0.62158	0.01135	0.38461	0.30612	0.43347	0.336571428571
TIMM22	0.55381	0.16226	0.56991	0.00239	0.00928	0.92573	0.13927	0.337521428571
PHKB	0.36222	0.00109	0.47536	0.0018	0.01564	0.53514	0.97234	0.337655714286
PPARD	0.03601	0.82736	0.12406	0.01728	0.87201	0.0376	0.45204	0.338051428571
TRIB3	0.69783	0.06166	0.55503	0.38821	0.05793	0.24307	0.36503	0.338394285714
BECN1	0.50771	0.36236	0.57308	0.08916	0.35232	0.29545	0.19362	0.3391
PRCP	0.42553	0.7604	0.00232	0.06488	0.13693	0.63291	0.3515	0.33921
HLA-DMA	0.83334	0.06992	0.01293	0.16934	0.05796	0.59652	0.63453	0.33922
BAG3	1e-05	0.87312	0.4576	5e-05	0.01477	0.32377	0.70777	0.339584285714
FYN	0.00076	0.56666	0.00156	0.81115	0.28889	0.60277	0.11376	0.340792857143
JMJD6	9e-05	0.44774	0.81608	0.7932	0.00738	0.11849	0.20425	0.341032857143
MTA1	0.11637	0.40281	0.05249	0.60477	0.56435	0.13918	0.50789	0.341122857143
GRB10	0.13469	0.95736	0.00712	0.12513	0.88029	0.2877	0.00075	0.341862857143
TXNL4B	0.12804	0.2882	0.33596	0.84735	0.31643	0.10071	0.37646	0.341878571429
COG2	0.73384	0.85146	0.41327	0.00659	0.01391	0.00065	0.37524	0.342137142857
HMG20B	0.25591	0.57164	0.05898	0.71401	0.20822	0.38453	0.20219	0.342211428571
EML3	0.05604	0.44221	0.72251	0.1919	1e-05	0.69505	0.28799	0.342244285714
BAD	0.93139	0.31635	0.56391	0.05198	0.00259	0.23358	0.31488	0.344954285714
ALDH7A1	0.11304	0.80309	0.74372	0.10305	0.3999	0.25158	0.00121	0.345084285714
SMAD3	5e-05	0.48749	0.01352	0.95945	0.02	0.47091	0.467	0.345488571429
SNX6	0.39107	0.53982	0.23644	0.21605	0.35779	0.40313	0.27431	0.345515714286
PCBD1	0.61517	0.0495	0.0164	0.00176	0.14367	0.87676	0.71975	0.346144285714
CHIC2	0.38933	3e-05	0.12051	0.44917	0.58693	0.00181	0.87782	0.346514285714
SPP1	0.02277	0.00027	0.82877	0.03338	0.00173	0.97265	0.57871	0.348325714286
CDC25B	0.00546	0.75532	0.92321	0.04064	0.15531	0.556	0.00818	0.34916
WIPF2	0.28744	0.61436	0.75449	0.07321	0.00374	0.45962	0.26027	0.350447142857
FBXO21	0.56732	0.58179	0.51442	0.31024	0.21115	0.25503	0.01358	0.350504285714
COPS7A	0.55256	4e-05	0.34492	0.00631	0.15542	0.83547	0.5611	0.350831428571
CSRP1	0.98782	0.40964	0.00027	0.29445	0.18195	0.29882	0.29368	0.352375714286
BID	0.85324	0.22048	0.00409	0.8762	8e-05	0.51692	0.00699	0.354
PLCB3	0.12365	0.21093	0.07636	0.97191	0.37195	0.21828	0.50651	0.354227142857
TSPAN4	0.88077	0.41309	0.04645	0.32122	0.02462	0.03898	0.75838	0.354787142857
GFOD1	0.62443	0.85426	0.00011	0.10075	0.78601	0.12052	0.0001	0.355168571429
PIN1	0.87659	0.01824	0.13417	0.98698	2e-05	0.45497	0.01973	0.355814285714
PSMD9	0.2762	0.49751	0.6441	0.02369	0.63868	0.10876	0.30242	0.355908571429
FCHO1	0.72863	0.54872	0.01058	0.05645	0.39572	0.75507	1e-05	0.356454285714
PKIG	0.07561	0.50457	0.32508	0.23637	0.51073	0.31635	0.52935	0.356865714286
KDM5B	0.19014	0.85341	0.37929	0.08877	0.2878	0.16482	0.53816	0.357484285714
SCAND1	0.52925	0.33885	0.1643	0.02386	0.5131	0.71335	0.22293	0.357948571429
HTATSF1	0.4176	0.04683	0.00723	0.09012	0.58595	0.78594	0.57612	0.358541428571
CYB561	0.27151	0.36734	0.00014	0.98086	0.00093	0.24931	0.64395	0.359148571429
WDTC1	0.10103	0.68471	0.35774	0.21864	0.39629	0.31318	0.4464	0.359712857143
HLA-DRA	0.2918	0.25241	0.0062	0.24302	0.83269	0.01929	0.87397	0.359911428571
CCDC85B	0.55941	0.38699	0.01674	0.00213	0.16036	0.42789	0.96623	0.359964285714
FOS	0.25528	0.68858	0.38827	0.61034	0.35394	0.07542	0.16326	0.362155714286
ATP5S	0.19922	0.07797	0.07255	0.09191	0.43249	0.71223	0.95269	0.362722857143
ZNF586	0.02209	0.46341	0.37083	0.27385	0.75178	0.20573	0.45156	0.36275
PPP2R5E	0.8729	0.04047	0.07156	0.89408	0.49032	0.15533	0.01514	0.362828571429
PRKCD	0.00038	0.85147	0.06978	0.02071	0.30936	0.79439	0.49481	0.362985714286
SOCS2	0.72888	0.26144	0.43472	0.60467	0.4588	0.00458	0.05257	0.363665714286
KAT6B	0.83867	0.78058	0.14738	0.29593	0.25567	0.09383	0.13534	0.363914285714
GNPDA1	0.22669	0.69718	0.46742	0.34036	0.25926	0.4913	0.06573	0.363991428571
COL4A1	1e-05	0.4437	0.20591	0.0744	0.3007	0.62854	0.89667	0.364275714286
KLHL21	0.00262	0.82939	0.37734	0.36771	0.01819	0.9061	0.04871	0.364294285714
BLVRA	0.31556	0.25154	0.01825	0.0308	0.48041	0.54843	0.91408	0.365581428571
MFSD10	0.55403	0.16178	0.02031	0.27697	0.07217	0.78834	0.68795	0.365935714286
CTSL1	0.00152	0.01386	0.78968	0.05257	0.44887	0.49445	0.7649	0.36655
NPC1	0.00699	0.27042	0.43103	0.28729	0.69798	0.54895	0.32514	0.366828571429
SIRT3	0.24479	0.11447	0.488	0.41626	0.63194	0.49123	0.18471	0.367342857143
RBM34	0.27035	0.37093	0.9967	0.30994	0.04543	0.47629	0.11109	0.368675714286
ETS1	0.20961	0.34271	0.76303	0.06856	0.85471	0.33783	0.00442	0.368695714286
IQGAP1	0.57427	0.82374	0.12988	0.02772	0.49633	0.35843	0.17952	0.369984285714
ARHGAP1	0.16977	0.19943	0.80524	0.01084	0.04111	0.52906	0.83795	0.370485714286
MYCBP2	0.30142	0.9276	0.77412	0.01075	0.43789	0.11811	0.02372	0.370515714286
FKBP4	0.64248	0.20441	0.58501	0.17508	0.06069	0.70964	0.21983	0.37102
DUSP22	0.75119	0.40927	0.20569	0.00465	0.01874	0.7465	0.46141	0.371064285714
SPAG7	0.82318	0.45451	0.01525	0.07351	0.50934	0.26212	0.46827	0.372311428571
IPO13	0.64648	0.43265	0.44917	0.46579	0.09033	0.304	0.224	0.373202857143
SENP6	0.68932	0.11343	0.35215	0.02172	0.56018	0.84323	0.03283	0.373265714286
PYGL	0.13042	0.41728	0.90119	0.41111	0.28688	0.29335	0.17551	0.373677142857
ILK	0.74077	0.26992	0.42349	0.16971	0.06071	0.3021	0.66982	0.376645714286
STAP2	0.79292	0.90692	0.37238	0.06361	0.17418	0.1569	0.1697	0.376658571429
NPRL2	0.46917	0.90288	0.35302	0.5973	0.1556	0.13504	0.03073	0.377677142857
PAX8	0.65287	0.86873	0.46255	0.07768	0.02254	0.22251	0.3397	0.378082857143
SPDEF	0.60177	0.74465	0.71805	0.03573	0.01245	0.53912	0.00165	0.37906
DENND2D	0.74773	0.47699	0.27371	0.05299	0.10298	0.02895	0.97397	0.379617142857
GNAS	0.00287	0.23695	0.86433	0.21399	0.14569	0.8363	0.35991	0.380005714286
AMDHD2	0.2645	0.21942	0.53808	0.27047	0.22767	0.47182	0.6752	0.381022857143
PSMB10	0.85911	0.00169	0.63053	0.00588	0.36097	0.79285	0.01644	0.381067142857
CREB1	0.906	0.2933	0.11542	0.08251	0.42303	0.68919	0.15858	0.381147142857
NPEPL1	0.28027	0.4525	0.52168	0.26812	0.16442	0.16638	0.8248	0.382595714286
COG7	0.39758	0.91574	0.4944	0.09292	0.25891	0.05844	0.47236	0.384335714286
RAB21	0.50355	0.35186	0.7368	0.65809	0.01346	0.38633	0.04097	0.384437142857
SMARCC1	0.6363	0.80959	0.98485	0.04291	0.01656	0.18969	0.01317	0.384724285714
ITGB1BP1	0.17314	0.16339	0.00045	0.9183	1e-05	0.87655	0.56284	0.384954285714
KIAA0528	0.04791	0.78695	0.51143	0.74399	0.17236	0.19863	0.24381	0.38644
USP14	0.38132	0.22001	0.23625	0.56445	0.69359	0.58785	0.03389	0.388194285714
NPDC1	0.44118	0.44983	0.273	0.02209	0.3609	0.52519	0.66116	0.390478571429
C5	0.46353	1e-05	0.58636	0.77515	0.65515	0.24427	0.01224	0.390958571429
SYPL1	0.96297	0.64778	0.8754	0.01126	0.01932	0.0924	0.13073	0.391408571429
RASA1	0.33928	0.15583	0.57399	0.11959	0.64747	0.00306	0.91336	0.393225714286
DNAJB2	0.28849	0.74953	0.30381	0.16727	0.45589	0.34395	0.45977	0.39553
ADAM10	0.0001	0.60514	0.50315	0.30785	0.73063	0.0864	0.54188	0.39645
DAXX	0.39765	0.89264	0.74794	0.06008	0.00262	0.62602	0.06368	0.398661428571
NOL3	0.45154	0.27401	0.12236	0.17475	0.76412	0.32615	0.68562	0.399792857143
BACE2	0.07305	0.18313	0.61974	0.97508	0.00258	0.38248	0.56353	0.399941428571
NENF	0.62319	0.14832	0.62494	0.26627	0.13422	0.32963	0.68411	0.401525714286
EXT1	0.31884	0.28013	0.36551	0.45894	0.26796	0.87222	0.25082	0.40206
CLSTN1	0.08461	0.41264	0.41928	0.05043	0.73717	0.69176	0.41867	0.40208
SOX2	0.02762	0.08355	0.7715	0.34235	0.34248	0.90293	0.35286	0.403327142857
RNMT	7e-05	0.06918	0.90282	0.02437	0.73212	0.82042	0.28527	0.404892857143
IGF1R	0.85246	0.82271	0.04797	0.00801	0.14368	0.82344	0.13914	0.405344285714
PCK2	0.55053	0.02466	0.64534	1e-05	0.92008	0.44584	0.26347	0.407132857143
CHAC1	0.22709	0.24427	0.56155	0.01045	0.82675	0.22372	0.75666	0.407212857143
SLC2A6	0.85492	0.38142	0.01226	0.20238	0.67995	0.71442	0.00589	0.40732
RBM6	0.12604	0.00278	0.68505	0.59271	0.01269	0.74173	0.69236	0.407622857143
PRAF2	0.21653	0.59733	0.00076	0.42503	0.8752	0.22069	0.52223	0.408252857143
ATP2C1	0.43056	0.24079	1e-05	0.15394	0.78712	0.74882	0.5037	0.409277142857
CNDP2	0.54977	0.05539	0.8249	0.84369	0.35295	0.24053	0.00802	0.41075
KTN1	0.71273	0.72736	0.41168	0.02863	0.64742	0.20481	0.1449	0.411075714286
NR1H2	0.01368	0.63588	0.18684	0.64324	0.62318	0.23337	0.54385	0.411434285714
MAN2B1	0.39173	0.10838	0.47795	0.53597	0.28321	0.59118	0.49378	0.411742857143
DCUN1D4	0.90873	0.00339	0.32269	2e-05	0.91578	0.54669	0.18545	0.411821428571
TJP1	0.0837	0.67782	0.86349	0.01229	0.1384	0.21048	0.89818	0.412051428571
SATB1	0.6084	0.2874	0.89132	0.10339	0.00172	0.24596	0.75966	0.413978571429
TP53BP2	0.3658	0.53666	0.7368	0.18191	0.56873	0.22442	0.28376	0.414011428571
RPS6	0.26512	0.61888	0.74655	0.00102	0.31279	0.02766	0.9327	0.41496
NSDHL	0.40723	0.95773	0.67432	1e-05	0.39543	0.27277	0.19845	0.415134285714
STK25	0.15851	0.29882	0.18652	0.29833	0.63133	0.83379	0.49942	0.415245714286
CAST	0.46255	0.64863	0.44898	0.24971	0.47448	0.00457	0.61962	0.415505714286
SCCPDH	0.64958	0.11532	0.76212	0.00214	0.20521	0.67352	0.50164	0.415647142857
BNIP3L	0.21409	0.54639	0.00119	0.1206	0.53309	0.75456	0.74274	0.416094285714
TNIP1	0.32032	0.81583	0.17292	0.33156	0.78107	0.38942	0.10555	0.416667142857
FSD1	0.05328	0.78907	0.17528	0.52449	0.31469	0.27649	0.79268	0.417997142857
ASAH1	0.13278	0.40344	0.68143	0.39599	0.18929	0.80679	0.3185	0.418317142857
IL13RA1	0.74009	0.00746	0.88327	0.2759	0.15274	0.08063	0.80694	0.421004285714
DDR1	0.05874	0.39061	0.48427	0.51932	0.48564	0.4564	0.55343	0.421201428571
PTPRK	0.77912	0.65417	0.19136	0.67199	0.20552	0.21057	0.24745	0.422882857143
GLRX	0.14252	0.38452	0.95936	0.05892	0.5974	0.32647	0.49932	0.424072857143
MYLK	0.78656	0.02698	0.70011	0.65304	0.12958	0.32432	0.35808	0.425524285714
PTK2	0.5676	0.355	0.96514	0.20266	0.23603	0.39794	0.26791	0.427468571429
PLSCR3	0.52049	0.39444	0.46946	0.66836	0.67298	0.18692	0.08595	0.428371428571
CCNA1	0.0401	0.04863	0.37166	0.98134	0.68597	0.87126	0.00011	0.428438571429
MYL9	0.6346	0.64274	0.00354	0.26509	0.94624	0.32517	0.19311	0.43007
MVP	0.39184	0.32283	0.44773	0.34936	0.63455	0.25228	0.61226	0.430121428571
CBLB	0.19492	0.68409	0.41232	0.11546	0.5807	0.51769	0.51539	0.43151
TRAPPC6A	0.4884	0.21603	0.58033	0.26335	0.38573	0.61176	0.47632	0.431702857143
CLTB	0.87359	0.34255	0.46543	0.05844	0.58761	0.04752	0.64769	0.431832857143
SLC35A1	0.34915	0.04267	0.74321	0.15378	0.23866	0.93238	0.57369	0.433362857143
KIAA0907	0.22856	0.83948	0.68222	0.10732	0.26554	0.54098	0.37566	0.434251428571
DNM1L	0.47509	0.5575	1e-05	0.94708	0.00015	0.399	0.67545	0.436325714286
MMP1	0.11052	0.75755	0.62097	0.95117	0.61136	0.00176	0.00265	0.436568571429
DFFA	0.6881	0.22914	0.08293	0.25821	0.75913	0.43227	0.60844	0.436888571429
SNX7	0.45014	0.73276	0.55326	0.18432	0.56906	0.42595	0.14935	0.437834285714
KDM5A	0.42647	0.83872	0.33973	0.253	0.4446	0.75178	0.01661	0.438701428571
ZNF131	0.63676	0.67438	0.00233	0.89211	0.6939	0.07757	0.09712	0.439167142857
GRN	0.02551	0.23698	0.35273	0.54982	0.67723	0.75038	0.48245	0.4393
CSNK2A2	0.38479	0.15141	0.38835	0.50805	0.37227	0.70358	0.56837	0.439545714286
SHC1	0.34786	0.78406	0.06538	0.1677	0.31873	0.41777	0.97557	0.439581428571
FOXO4	0.36421	0.78063	0.09891	0.23385	0.47856	0.68976	0.4342	0.440017142857
PRKX	0.12979	0.17916	0.56296	0.56461	0.69029	0.91214	0.04134	0.440041428571
CDKN1B	0.47982	0.62802	0.37144	0.12238	0.07168	0.58601	0.82334	0.440384285714
STXBP2	0.47749	0.42505	0.43882	0.63915	0.00374	0.58144	0.53274	0.442632857143
EPN2	0.86628	0.11096	0.40169	0.22841	0.23127	0.30805	0.95544	0.443157142857
KLHDC2	0.52112	0.54442	0.48374	0.05589	0.30654	0.59793	0.59641	0.443721428571
GLI2	0.05822	0.01147	0.76837	0.50273	0.70016	0.2164	0.85087	0.444031428571
POLD4	0.88332	0.30087	0.28879	0.48162	0.22603	0.34862	0.58678	0.445147142857
PSMF1	0.58759	0.47785	0.21868	0.22596	0.58604	0.41897	0.60182	0.445272857143
SPEN	0.15858	0.97358	0.3389	0.10623	0.27902	0.574	0.68995	0.445751428571
ZMIZ1	0.25511	0.57834	0.39837	0.50659	0.37883	0.38896	0.61641	0.446087142857
NR3C1	0.42523	0.3723	0.13865	0.76892	0.03718	0.61692	0.79741	0.450944285714
RAI14	0.81663	0.33937	0.29709	0.21419	0.26795	0.49955	0.72537	0.45145
HDAC6	0.87486	0.55205	0.14047	0.47178	0.37419	0.65721	0.09224	0.451828571429
CXCR4	0.18015	0.74764	0.90023	0.89719	0.13916	0.03238	0.27134	0.452584285714
MAPKAPK2	0.01425	0.37897	0.95019	0.02733	0.00327	0.83139	0.96601	0.453058571429
TSC22D3	0.53519	0.81756	0.51721	0.00637	0.21016	0.31914	0.76919	0.453545714286
UFM1	0.352	0.85756	0.07625	0.83127	0.31608	0.65964	0.08701	0.454258571429
PUF60	0.00915	1.0	0.84247	1.0	9e-05	0.33282	0.00116	0.455098571429
KIAA0753	0.56807	0.40689	0.13259	0.35503	0.644	0.22005	0.86168	0.455472857143
LRP10	0.51287	0.31182	0.4466	0.38944	0.57221	0.45637	0.49951	0.455545714286
SPR	0.42198	0.93383	0.84185	0.02992	8e-05	0.49931	0.46374	0.455815714286
GAA	0.42774	0.16807	0.588	0.27704	0.76822	0.64961	0.3129	0.45594
MBNL2	0.62442	0.7022	0.05983	0.00033	0.88264	0.62683	0.2957	0.455992857143
NISCH	0.18627	0.84335	0.5909	0.13013	0.37756	0.69562	0.37036	0.456312857143
ZNF589	0.21818	0.70037	0.55833	0.19411	0.348	0.52179	0.66848	0.458465714286
SNX13	0.64171	0.76987	0.71644	0.1176	0.48655	0.25017	0.24128	0.460517142857
CHMP4A	0.33895	0.54286	0.40936	0.20517	0.53175	0.93085	0.27142	0.46148
KIAA1033	0.50492	0.55316	0.68631	0.58881	0.08424	0.76038	0.05588	0.461957142857
OXA1L	0.30234	0.23337	0.83437	0.48937	0.66161	0.70427	0.0108	0.462304285714
SHB	0.57411	0.27236	0.82873	0.27981	0.39732	0.06393	0.8274	0.46338
AKR7A2	0.99515	0.65418	0.93708	0.06765	0.18086	0.39098	0.01877	0.463524285714
BMP4	0.42332	0.32109	0.39685	0.71871	0.94271	0.01623	0.43002	0.464132857143
TCTA	0.42276	0.68814	0.18032	0.41202	0.34085	0.62177	0.5907	0.465222857143
CSNK1E	0.45059	0.77166	0.14844	0.22209	0.51669	0.50956	0.64775	0.466682857143
TGFB3	0.78001	0.74386	0.32723	0.39788	0.39551	0.60722	0.02864	0.468621428571
NUDT9	0.09132	0.88386	0.7803	0.12504	0.80523	0.07388	0.52362	0.469035714286
UBE2L6	0.61435	0.204	0.48908	0.14204	0.4012	0.79948	0.63571	0.469408571429
CTSD	0.59979	0.55789	0.58185	0.5886	1e-05	0.33159	0.62881	0.469791428571
SNAP25	0.06654	0.5779	0.80976	0.44976	0.00168	0.55539	0.82797	0.469857142857
FBXL12	0.78395	0.96516	0.31797	0.44446	0.64683	0.05095	0.10411	0.473347142857
TCEA2	0.34778	0.38342	0.42237	0.34146	0.54179	0.77179	0.50794	0.473792857143
VDAC1	0.68079	0.85168	0.0006	1.0	0.08662	0.51717	0.18099	0.473978571429
LSR	0.00013	0.27049	0.67995	0.63145	0.33937	0.43232	0.96781	0.474502857143
APP	0.27557	0.68584	0.75972	0.45892	0.30647	0.47812	0.35739	0.474575714286
SYK	0.18667	0.39033	0.87155	0.26259	0.95475	0.03748	0.62159	0.474994285714
TM9SF3	0.55164	0.68709	0.96357	0.25911	0.48131	0.17529	0.21265	0.475808571429
MEF2C	0.27395	0.98221	0.33848	0.24901	0.41123	0.40185	0.67417	0.475842857143
IL1B	0.70869	0.68172	0.33009	0.47131	0.5293	0.55407	0.05599	0.475881428571
MTFR1	0.813	0.6923	0.43363	0.1146	0.23499	0.73259	0.31537	0.47664
CD44	0.37908	0.27448	0.67098	0.5852	0.44728	0.33858	0.65413	0.478532857143
MAP7	0.94309	0.81622	0.03245	0.12677	0.03843	0.75703	0.6402	0.47917
EDN1	0.70669	0.00027	0.59814	0.19875	0.61858	0.69504	0.53898	0.479492857143
CDH3	0.0513	0.49072	0.95806	0.30218	0.45968	0.7187	0.37839	0.479861428571
RNF167	0.86814	0.01488	0.94017	0.17731	0.14128	0.35734	0.86866	0.481111428571
P4HTM	0.87281	0.11927	0.72158	0.3376	0.47449	0.3909	0.4633	0.48285
TIMM17B	0.50778	0.44533	0.29247	0.34162	0.18496	0.74653	0.86335	0.483148571429
SCRN1	6e-05	0.75824	0.29278	0.52246	0.70716	0.46711	0.63921	0.48386
PWP1	0.00157	0.58429	0.71902	0.36056	0.01424	0.76412	0.9445	0.484042857143
PAN2	0.05887	0.87398	0.40232	0.08819	0.29584	0.89696	0.77336	0.484217142857
VAT1	0.64102	0.30727	0.6397	0.4578	0.67372	0.62042	0.05998	0.485701428571
DUSP11	0.69481	0.19745	0.8066	0.58893	0.23563	0.77785	0.1255	0.489538571429
CERK	0.70218	0.43491	0.51257	0.32134	0.48143	0.03829	0.93629	0.489572857143
RPS5	0.26323	0.69795	0.00433	0.64875	0.49182	0.4622	0.86133	0.489944285714
TERF2IP	0.65911	0.42792	0.55588	0.08831	0.21401	0.78257	0.70836	0.49088
NFKB2	0.78855	0.67329	0.65786	0.01755	0.06913	0.52577	0.72076	0.493272857143
TRIM2	0.69838	0.65134	0.07181	0.68392	0.4738	0.30569	0.56923	0.493452857143
PAFAH1B1	0.54573	0.49855	0.66873	0.23747	0.5405	0.35889	0.6277	0.496795714286
WDR7	0.34234	0.28623	0.71805	0.36446	0.75303	0.03708	0.97648	0.49681
ISOC1	0.47773	0.52389	0.50388	0.8244	0.79244	0.36751	0.0002	0.498578571429
KDM3A	0.07008	0.49558	0.57218	0.24451	0.44336	0.82982	0.84517	0.5001
NFE2L2	0.13603	0.91203	0.39481	0.06106	0.48053	0.91839	0.60128	0.50059
FZD1	0.811	0.28372	0.77184	0.21501	0.37128	0.08805	0.96367	0.500652857143
RALGDS	0.12582	0.71083	0.47428	0.10536	0.51668	0.61242	0.96063	0.50086
ZFP36	0.78025	0.46296	0.37597	0.59452	0.78817	0.28637	0.21931	0.501078571429
MKNK1	0.63434	0.94183	0.16334	0.22425	0.53527	0.17817	0.83978	0.502425714286
HOOK2	0.27646	0.50569	0.83293	0.47042	0.6483	0.44051	0.34437	0.502668571429
APOE	0.09446	0.97681	0.39971	0.92475	0.21636	0.60526	0.32407	0.505917142857
CEP57	0.62797	0.25949	0.8088	0.3038	0.54739	0.68841	0.31495	0.507258571429
TIMP2	0.51396	0.7215	0.51887	0.3422	0.52012	0.54471	0.39049	0.507407142857
IL4R	0.79523	0.46673	0.06933	0.27433	0.74753	0.32939	0.88044	0.508997142857
LPAR2	0.15498	0.89232	0.79083	0.25078	0.24993	0.71721	0.52376	0.511401428571
HIF1A	0.64286	0.8775	1e-05	0.60767	0.98048	0.47171	3e-05	0.511465714286
MBOAT7	0.00743	0.48745	0.9119	0.37522	0.01333	0.92138	0.86994	0.512378571429
CDK7	0.77594	0.45887	0.50623	0.09216	0.56126	0.43217	0.76052	0.51245
NFATC3	0.0004	0.76803	0.99594	0.92832	0.14705	0.06511	0.69386	0.514101428571
RELB	0.05894	0.89501	0.6414	0.26285	0.63802	0.41272	0.69203	0.514424285714
KIAA0196	0.89593	0.69136	0.45174	0.40177	0.47045	0.47545	0.22049	0.515312857143
RAB11FIP2	0.03275	0.76572	0.26557	0.53734	0.88938	0.67262	0.44424	0.515374285714
CHP	0.52246	0.78361	0.78983	0.42298	0.28067	0.2677	0.54157	0.515545714286
ATP11B	0.36463	0.54857	0.71592	0.43364	0.32049	0.47191	0.7628	0.516851428571
MMP2	0.70614	0.30828	0.60865	0.21502	0.25424	0.54548	0.98017	0.516854285714
TNFRSF21	0.76375	0.00395	0.39724	0.80676	0.49025	0.17053	0.99156	0.51772
PRR15L	0.85714	0.57498	0.67262	1e-05	0.09228	0.82789	0.59987	0.517827142857
MAPK9	0.59425	0.90727	0.9181	0.0268	0.78127	0.09654	0.31811	0.520334285714
NOS3	0.45794	0.23752	0.69521	0.81444	0.59552	0.0878	0.75398	0.520344285714
PIGB	0.30626	0.55189	0.60445	0.97182	0.7265	0.18766	0.30137	0.521421428571
ARID5B	0.68944	0.62612	0.26771	0.53693	0.5621	0.52785	0.45453	0.523525714286
TES	0.69324	0.66576	0.54638	0.28879	0.66011	0.57432	0.26877	0.528195714286
IGF2R	0.47521	0.44826	0.84984	0.03002	0.48991	0.65575	0.76062	0.529944285714
DSG2	0.87565	0.36088	0.04419	0.15459	0.68794	0.89073	0.69916	0.530448571429
TRIM13	0.3986	0.33868	0.59625	0.67373	0.47582	0.53315	0.70337	0.531371428571
IFNAR1	0.74638	0.47259	0.59272	0.23018	0.39992	0.55172	0.72757	0.531582857143
CCL2	0.0367	1e-05	0.70258	0.55125	0.65967	0.92113	0.85361	0.532135714286
SNCA	0.59019	0.26529	0.92932	0.24471	0.78711	0.34614	0.56906	0.533117142857
TERT	0.84341	1e-05	0.45758	0.03297	0.66477	0.86527	0.86848	0.533212857143
ORC1	0.34742	0.90806	0.56023	0.49659	0.40897	0.09338	0.92355	0.534028571429
DMTF1	0.51258	0.53728	0.86671	0.79808	0.27362	0.30408	0.45178	0.534875714286
CDKN2A	0.53545	0.916	0.58207	0.76177	0.44508	0.25412	0.25524	0.535675714286
SUPV3L1	0.59374	0.11396	0.74507	0.27557	0.51187	0.83642	0.67386	0.535784285714
RAB31	0.80633	0.77342	0.33761	0.89529	0.00015	0.91854	0.02659	0.536847142857
UBE2J1	0.75232	0.98256	0.58148	0.43839	0.6104	0.25228	0.14447	0.537414285714
KIAA0494	0.64822	0.42253	0.51377	0.47372	0.80591	0.06286	0.85226	0.539895714286
GNA15	0.80292	0.57618	0.69264	0.73683	0.58478	0.15745	0.23894	0.541391428571
FAIM	0.94165	0.86466	0.55598	0.0269	0.97067	0.38143	0.05032	0.541658571429
PMM2	0.78578	0.80361	0.1303	0.37474	0.34802	0.77254	0.58938	0.543481428571
TBXA2R	0.58158	0.41734	0.69208	0.35361	0.50958	0.48136	0.79576	0.54733
ST6GALNAC2	0.81475	0.89959	0.36926	0.8389	0.14549	0.57388	0.19348	0.547907142857
RBM15B	0.69668	0.5761	0.66962	0.24788	0.51481	0.41678	0.74903	0.552985714286
PLEKHM1	0.8484	0.59732	0.67018	0.47677	0.29785	0.28978	0.69629	0.553798571429
NARFL	0.59483	0.44369	0.36648	0.72732	0.69043	0.18709	0.87178	0.554517142857
DNMT3A	0.68218	0.66805	0.55599	0.30529	0.51862	0.5315	0.62045	0.554582857143
PTPRF	0.88608	0.84684	0.5378	0.52392	0.42218	0.52306	0.1653	0.557882857143
TLK2	0.81102	0.99682	0.07667	0.3898	0.21677	0.71891	0.70018	0.558595714286
PAPD7	0.53879	0.6587	0.61876	0.19108	0.76156	0.54285	0.60351	0.559321428571
TFAP2A	0.76772	0.84683	0.22886	0.29024	0.73146	0.64769	0.40258	0.55934
TRIB1	0.88521	0.66328	0.71843	0.28563	0.32575	0.60417	0.43534	0.559687142857
HIST1H2BK	0.4213	0.82864	0.65033	0.97724	0.90391	0.01835	0.13154	0.561615714286
NVL	0.72496	0.80717	0.35903	0.92632	0.5556	0.061	0.50439	0.562638571429
DNAJB6	0.79213	0.67917	0.57575	0.53776	0.22709	0.66215	0.47061	0.563522857143
GSTZ1	0.59548	0.61231	0.74473	0.43514	0.3179	0.56072	0.68429	0.564367142857
FAM63A	0.46316	0.35036	0.66047	0.52142	0.84483	0.58208	0.53404	0.565194285714
CNPY3	0.4038	0.89826	0.86855	0.17834	0.18655	0.66335	0.76354	0.566055714286
CTNND1	0.88485	0.72076	0.48336	0.73135	0.40581	0.40191	0.34755	0.567941428571
RNH1	0.78002	0.8536	0.3752	0.54386	0.7615	0.42802	0.24576	0.569708571429
CREG1	0.43362	0.87522	0.4209	0.30469	0.5511	0.64638	0.77869	0.572942857143
BAX	0.25745	0.93398	0.7367	0.54417	0.60894	0.44087	0.5082	0.575758571429
FUT1	0.76523	0.80487	0.45045	0.21612	0.26824	0.55338	0.97984	0.576875714286
RTN2	0.50257	0.53733	0.41372	0.51961	0.5089	0.76878	0.78888	0.577112857143
STX4	0.76492	0.8148	0.3506	0.32429	0.56012	0.64668	0.58401	0.577917142857
AKAP8L	0.72522	0.31617	0.82901	0.59224	0.84814	0.53685	0.20172	0.578478571429
NFKBIE	0.10683	0.81123	0.83986	0.59428	0.28839	0.52635	0.89353	0.580067142857
NIT1	0.65832	0.83907	0.34286	0.55034	0.72881	0.65035	0.30958	0.582761428571
LRRC41	0.32039	0.86679	0.83498	0.10797	0.77901	0.50742	0.67561	0.584595714286
HIST2H2BE	0.87455	0.76029	0.65709	0.35736	0.63065	0.22114	0.62297	0.58915
EPHA3	0.11029	0.96105	0.58787	0.9028	0.33956	0.39809	0.88117	0.597261428571
IKZF1	0.16072	0.84227	0.64734	0.99167	0.71431	0.24103	0.59346	0.598685714286
PTK2B	0.72648	0.43861	0.57872	0.80733	0.46236	0.2915	0.89074	0.599391428571
LGALS8	0.60227	0.95221	0.56591	0.29942	0.53365	0.66587	0.58011	0.59992
BPHL	0.5878	0.44819	0.78365	0.5864	0.91084	0.32468	0.56933	0.601555714286
PRKCQ	0.51715	0.64779	0.52563	0.89902	0.76793	0.0442	0.81993	0.603092857143
ZNF395	0.86251	0.61901	0.74246	0.21046	0.27625	0.63531	0.88138	0.603911428571
FGFR2	0.83657	0.31149	0.44232	0.86292	0.85465	0.15311	0.77502	0.605154285714
DYRK3	0.06247	0.05683	0.81399	0.83515	0.84951	0.78794	0.85447	0.608622857143
ITFG1	0.78219	0.64128	0.54073	0.77612	0.00215	0.70958	0.82466	0.610958571429
DNAJA3	0.72192	0.63132	0.45836	0.85926	0.82466	0.62313	0.17429	0.613277142857
PDHX	0.93293	0.3625	0.99259	0.97148	0.0966	0.10726	0.85254	0.616557142857
RFNG	0.76617	0.4849	0.86365	0.41574	0.41524	0.48788	0.90488	0.61978
HTRA1	0.86161	0.95114	0.78787	0.2472	0.41442	0.51787	0.5732	0.621901428571
TESK1	0.9518	0.40317	0.64368	0.39658	0.8466	0.33732	0.80651	0.626522857143
PTPRC	0.74997	0.6428	0.61676	0.17218	0.80756	0.42287	0.97685	0.626998571429
GRB7	0.6676	0.37163	0.60386	0.72673	0.69726	0.60541	0.72165	0.627734285714
NFATC4	0.85196	0.90501	0.70206	0.24393	0.45737	0.66214	0.58904	0.630215714286
PPOX	0.63551	0.86257	0.80188	0.73283	0.30921	0.68346	0.39876	0.632031428571
CD40	0.63895	0.89313	0.77211	0.74529	0.55586	0.00961	0.81874	0.633384285714
DHDDS	0.96163	0.53435	0.53872	0.73613	0.05606	0.65881	0.94823	0.633418571429
PIK3CA	0.84037	0.47389	0.65118	0.23997	0.63809	0.72063	0.87567	0.634257142857
DHRS7	0.40739	0.57474	0.44479	0.92899	0.67716	0.62297	0.80585	0.637412857143
VPS72	0.62645	0.6918	0.38871	0.70726	0.67408	0.81025	0.56634	0.637841428571
FAM69A	0.45917	0.85029	0.8205	0.87173	0.35805	0.6294	0.47588	0.63786
GDPD5	0.35751	0.55449	0.37478	0.73592	0.71885	0.87365	0.87202	0.641031428571
APBB2	0.36109	0.96237	0.91445	0.82127	0.07334	0.532	0.84861	0.644732857143
ARNT2	0.85031	0.16161	0.72103	0.58124	0.68539	0.73708	0.77784	0.644928571429
ALAS1	0.83731	0.30965	0.71561	0.53383	0.97724	0.27666	0.89016	0.648637142857
PLA2G4A	0.66664	0.84947	0.96698	0.52159	0.34471	0.6429	0.56609	0.651197142857
STUB1	0.34961	0.31006	0.80608	0.97112	0.91365	0.54491	0.74216	0.662512857143
SLC27A3	0.77597	0.67642	0.96101	0.38342	0.35473	0.84494	0.73313	0.67566
KIT	0.92099	0.8677	0.5705	0.43767	0.8329	0.46464	0.65808	0.678925714286
NOTCH1	0.67335	0.76969	0.83427	0.6051	0.8524	0.03672	0.99819	0.681388571429
CAMSAP2	0.75332	0.98196	0.70942	0.6668	0.24765	0.73327	0.73748	0.689985714286
MEST	0.82633	0.91104	0.90035	0.57949	0.57694	0.58234	0.60426	0.711535714286
PPP1R13B	0.62649	0.95895	0.90713	0.35574	0.79055	0.60017	0.87122	0.730035714286
CASP10	0.89433	0.99391	0.69347	0.99092	0.59021	0.79385	0.99935	0.850862857143
LSM5	0.02238	0.99997	0.99996	0.97851	0.99938	0.99698	0.99964	0.856688571429
