	#_of_exp	#_of_exp(fc<0)	EG_score	empirical_pVal
AARS	138	77	-21.418210834835843	1e-05
ABCB6	138	60	-12.523115739106055	0.00034
ABCC5	138	97	0.9437308073745299	0.63021
ABCF1	138	63	8.588088040452382	0.99194
ABCF3	138	66	-2.8854962537252864	0.20193
ABHD4	138	53	-3.2454130087482715	0.19936
ABHD6	138	105	-12.73758443909128	1e-05
ABL1	138	50	-14.223302963859808	0.00033
ACAA1	138	66	-1.8741492520330536	0.29403
ACAT2	138	63	-10.142097973914792	0.00265
ACBD3	138	79	-2.9490492210993744	0.17732
ACD	138	74	-1.820732715010468	0.28927
ACLY	138	61	-1.3327497898573013	0.35341
ACOT9	138	39	2.6867061297676464	0.72498
ADAM10	138	71	0.8692799851700186	0.60514
ADAT1	138	82	1.879885503859045	0.72839
ADCK3	138	104	-5.3775443485871195	0.02523
ADH5	138	73	-2.0250931040297124	0.26846
ADI1	138	92	-12.244879050810383	1e-05
ADO	138	97	2.1504873540065326	0.77511
ADRB2	138	87	-3.6643991111651593	0.11171
AGL	138	90	3.978634050619688	0.91123
AKAP8	138	84	-1.2328484978793417	0.34552
AKAP8L	138	75	-1.5807920642941418	0.31617
AKR7A2	138	45	1.6868498274193455	0.65418
AKT1	138	44	9.256359880432864	0.98353
ALAS1	138	57	-1.8583872771440488	0.30965
ALDH7A1	138	57	3.160365716246022	0.80309
ALDOA	138	79	-5.456947064305276	0.04229
ALDOC	138	60	-7.863129156499892	0.0163
AMDHD2	138	67	-2.6882325007322674	0.21942
ANKRD10	138	76	-2.6422343450962615	0.20693
ANO10	138	54	-2.4384089961342488	0.26184
ANXA7	138	65	-8.766040841563463	0.00665
APBB2	138	90	5.267273783197801	0.96237
APOE	138	91	5.885450144053382	0.97681
APP	138	58	1.807130478019196	0.68584
APPBP2	138	56	2.819462253714199	0.77546
ARFIP2	138	48	-7.545164558694259	0.03398
ARHGAP1	138	55	-3.1979203241136633	0.19943
ARHGEF12	138	83	-3.7532360117687213	0.11224
ARHGEF2	138	73	-6.792770851954819	0.02036
ARID4B	138	46	-0.16560868353203562	0.48475
ARID5B	138	62	1.134749851906525	0.62612
ARL4C	138	62	-16.66035560717356	2e-05
ARNT2	138	49	-4.004251294674363	0.16161
ARPP19	138	63	-5.7801178646638585	0.05293
ASAH1	138	52	-0.9354146105884689	0.40344
ASCC3	138	79	-17.25728580474724	1e-05
ATF1	138	93	-9.276800543377181	0.00085
ATF5	138	65	-3.7458193542138494	0.14171
ATF6	138	70	-0.8938449151286806	0.39601
ATG3	138	93	-4.335247109596886	0.0679
ATMIN	138	75	-5.702269801765944	0.04166
ATP11B	138	67	0.38919895692036244	0.54857
ATP1B1	138	56	-8.026935857023915	0.01676
ATP2C1	138	58	-2.592154224870627	0.24079
ATP5S	138	74	-4.651767984348599	0.07797
ATP6V0B	138	82	-17.455759005320175	1e-05
ATP6V1D	138	57	-4.570004301048588	0.11036
AURKA	138	87	-26.082146234054488	1e-05
AURKB	138	94	-22.268787136295117	1e-05
AXIN1	138	86	-0.8080760876888607	0.39831
B3GNT1	138	71	-17.279228895900133	1e-05
BACE2	138	81	-2.835882664297906	0.18313
BAD	138	37	-2.235522934364842	0.31635
BAG3	138	54	4.37425672255339	0.87312
BAMBI	138	80	-11.758038992347855	0.00014
BAX	138	66	5.218753858024164	0.93398
BCL2	138	85	-0.5888340953886012	0.42354
BCL7B	138	88	-14.902713458320761	1e-05
BDH1	138	77	-12.376510389025226	0.00012
BECN1	138	38	-1.5789638774269532	0.36236
BHLHE40	138	73	-15.168855892119941	2e-05
BID	138	68	-2.6205429500006376	0.22048
BIRC2	138	74	-5.572176163532228	0.04477
BIRC5	138	81	-25.59465068274067	1e-05
BLCAP	138	42	-6.024073538039007	0.08534
BLMH	138	81	-11.51713620683821	0.00018
BLVRA	138	39	-2.9984564212510776	0.25154
BMP4	138	59	-1.6944219814226973	0.32109
BNIP3	138	71	-2.863567337431129	0.19683
BNIP3L	138	52	0.46796827431845256	0.54639
BPHL	138	37	-0.6434709082284524	0.44819
BRCA1	138	94	-22.355737457909314	1e-05
BRP44	138	61	-4.981301598529215	0.08336
BTK	138	95	0.09005324462745619	0.51489
BUB1B	138	87	-18.350658031340892	1e-05
BZW2	138	104	2.80864854494705	0.84452
C2CD2	138	90	-3.0292443906202866	0.15393
C2CD2L	138	67	5.003219275008595	0.92718
C5	138	72	-20.484791493273	1e-05
CAB39	138	77	-4.479235855591418	0.0813
CALM3	138	80	-4.4998678018559675	0.07559
CALU	138	66	-16.383274491884876	1e-05
CAMSAP2	138	62	7.631841832417681	0.98196
CANT1	138	70	1.126537441812545	0.63242
CAPN1	138	73	-0.6936979183528953	0.41699
CASC3	138	62	-11.266276021761604	0.00128
CASK	138	53	-12.126892482077027	0.00121
CASP10	138	77	8.18315872166603	0.99391
CASP2	138	84	-13.03067441058724	1e-05
CASP3	138	86	-5.758150957009629	0.03
CASP7	138	73	-13.98038792751266	6e-05
CAST	138	38	1.7717934673067215	0.64863
CAT	138	55	-3.515876549957987	0.17749
CBLB	138	48	1.9332671077060752	0.68409
CBR1	138	80	-9.501601172584344	0.00141
CBR3	138	81	-16.460684316600453	1e-05
CCDC85B	138	69	-0.9678682842382423	0.38699
CCDC86	138	67	-12.139202224688068	0.00023
CCDC90A	138	90	-8.247613754954937	0.00301
CCDC92	138	53	0.6394557842628678	0.56739
CCL2	138	77	-18.37637111993306	1e-05
CCNA1	138	80	-5.208389279748973	0.04863
CCNA2	138	95	-24.80795142797978	1e-05
CCNB1	138	79	-19.223725941007658	1e-05
CCNB2	138	67	-2.2484709673227687	0.25823
CCND1	138	76	-24.686377554641744	1e-05
CCND3	138	70	-16.809489470532693	1e-05
CCNE2	138	95	-16.746185901113797	1e-05
CCNF	138	104	-18.060200358077065	1e-05
CCNH	138	84	-8.04401620990645	0.00476
CCP110	138	85	-15.517598457602453	1e-05
CD320	138	92	-15.891287976113365	1e-05
CD40	138	56	4.6568161767727085	0.89313
CD44	138	55	-2.2661399275930467	0.27448
CD58	138	77	-6.073229880260099	0.03057
CD97	138	82	-2.9977650054972336	0.16982
CDC20	138	87	-10.018490902081494	0.0006
CDC25A	138	99	-23.73686024380885	1e-05
CDC25B	138	49	2.7674078530647606	0.75532
CDC42	138	70	-5.378081922765851	0.0554
CDC45	138	98	-11.55944382802401	1e-05
CDCA4	138	96	-20.970711599078353	1e-05
CDH3	138	70	-0.09378583522333363	0.49072
CDK1	138	101	-22.746121712581086	1e-05
CDK19	138	58	-1.290351114510489	0.36208
CDK2	138	81	-27.550608917347176	1e-05
CDK4	138	70	-17.24515806749718	1e-05
CDK5R1	138	76	-16.559275186254265	1e-05
CDK6	138	86	-15.259298565317053	1e-05
CDK7	138	57	-0.40712240562106156	0.45887
CDKN1A	138	47	-2.7848334266960717	0.24957
CDKN1B	138	70	1.085388898711898	0.62802
CDKN2A	138	62	4.945517339911536	0.916
CEBPA	138	60	-2.2755383952281227	0.26555
CEBPD	138	63	-6.383272213623484	0.03775
CEBPZ	138	81	-4.516577657669935	0.07527
CENPE	138	96	-22.650312135290193	1e-05
CEP57	138	67	-2.235843182763173	0.25949
CERK	138	84	-0.5192986935701716	0.43491
CETN3	138	107	-15.055254155729743	1e-05
CFLAR	138	67	6.41305222077921	0.96836
CGRRF1	138	82	-3.4249796218885877	0.13692
CHAC1	138	83	-2.1309228780921075	0.24427
CHEK1	138	107	-20.36485908985553	1e-05
CHEK2	138	103	-20.614628041236532	1e-05
CHERP	138	92	-21.23932512152422	1e-05
CHIC2	138	82	-12.783682798640175	3e-05
CHMP4A	138	36	0.5193965620078171	0.54286
CHMP6	138	84	-8.81484019246223	0.00239
CHN1	138	77	-5.148858991828439	0.05446
CHP	138	70	2.657842503394779	0.78361
CIAPIN1	138	94	-7.489797607047623	0.00493
CIRBP	138	47	-4.578582499246156	0.13572
CISD1	138	71	-4.38541886128212	0.09587
CLIC4	138	50	-14.102503517642944	0.00036
CLPX	138	81	-1.3233954698655512	0.33536
CLSTN1	138	42	-0.9344998261269363	0.41264
CLTB	138	63	-1.430216344881735	0.34255
CLTC	138	70	-2.046033007119686	0.2714
CNDP2	138	56	-6.011771235336996	0.05539
CNOT4	138	111	-2.3765764194954477	0.18706
CNPY3	138	55	4.831418874032649	0.89826
COASY	138	85	-12.390738859009685	1e-05
COG2	138	70	3.5329105404117964	0.85146
COG4	138	65	-2.1431429096422296	0.26793
COG7	138	62	4.938628148343018	0.91574
COL1A1	138	64	-3.3430531480595187	0.17096
COL4A1	138	49	-0.572442285789556	0.4437
COPB2	138	50	-12.015082349651902	0.00167
COPS7A	138	76	-12.808364238350903	4e-05
CORO1A	138	70	-5.965551561760998	0.03863
CPNE3	138	54	-0.7997208273339784	0.41589
CPSF4	138	67	-11.846543674381152	0.00032
CREB1	138	59	-1.9704225695913289	0.2933
CREG1	138	35	5.490229098015066	0.87522
CRELD2	138	64	-5.033486528775067	0.07839
CRK	138	44	5.329802423312862	0.89429
CRKL	138	79	0.5196911298170976	0.5638
CRTAP	138	57	1.90468345594805	0.69674
CRYZ	138	82	-6.89824336835128	0.01391
CSK	138	75	0.2634532367593858	0.53379
CSNK1A1	138	70	-1.853689316619265	0.29106
CSNK1E	138	53	2.857643366404409	0.77166
CSNK2A2	138	55	-3.9210152006589984	0.15141
CSRP1	138	55	-0.8685051578588169	0.40964
CTNNAL1	138	87	-12.987930339390836	2e-05
CTNND1	138	39	2.626400889480027	0.72076
CTSD	138	27	0.8087654756840846	0.55789
CTSL1	138	63	-7.919458472795727	0.01386
CTTN	138	69	-2.056330616160934	0.27093
CXCL2	138	78	-1.4707792594344506	0.32326
CXCR4	138	76	2.144256632859803	0.74764
CYB561	138	85	-1.0402417554546728	0.36734
CYCS	138	66	-8.098338723570068	0.01006
CYTH1	138	74	-6.948674004003561	0.01805
DAG1	138	61	-14.040626722395583	0.00019
DAXX	138	74	4.057925355518742	0.89264
DCK	138	102	-14.054469555501832	1e-05
DCTD	138	55	-4.819698501311729	0.10329
DCUN1D4	138	82	-8.550138327379408	0.00339
DDB2	138	61	-14.080263397958385	0.00019
DDIT4	138	48	-17.516735131006282	5e-05
DDR1	138	37	-1.3158899311006258	0.39061
DDX10	138	72	-12.054420299440368	0.00016
DDX42	138	79	-1.1271240382693268	0.3597
DECR1	138	38	-10.873991079775994	0.01087
DENND2D	138	90	-0.17373876493378598	0.47699
DERA	138	52	-3.491094735889051	0.18369
DFFA	138	71	-2.4899517885031015	0.22914
DFFB	138	70	-6.5296033954037345	0.02652
DHDDS	138	60	0.33785341533489105	0.53435
DHRS7	138	54	0.7192536979810998	0.57474
DHX29	138	98	-9.965411757016163	0.00032
DLD	138	73	-1.401183215376113	0.33448
DMTF1	138	102	0.2607978637965646	0.53728
DNAJA3	138	29	1.7093859580483506	0.63132
DNAJB1	138	87	-10.774492640720041	0.00021
DNAJB2	138	51	2.622266395650803	0.74953
DNAJB6	138	53	1.7743329949906574	0.67917
DNAJC15	138	100	-0.8149968025014931	0.38722
DNM1	138	47	-12.599251573889836	0.00179
DNM1L	138	57	0.5224479424225505	0.5575
DNMT1	138	82	-15.558212476953543	2e-05
DNMT3A	138	75	1.411656146937383	0.66805
DNTTIP2	138	85	-11.56570279443264	4e-05
DPH2	138	98	-18.167078877678122	1e-05
DRAP1	138	43	2.331309542120053	0.70735
DSG2	138	61	-1.2593448453004292	0.36088
DUSP11	138	44	-3.5884591619168846	0.19745
DUSP14	138	58	-10.351307444652358	0.00333
DUSP22	138	61	-0.7981261695900369	0.40927
DUSP3	138	58	-3.684236585719737	0.15852
DUSP4	138	62	-13.390917630275652	0.00017
DUSP6	138	66	-11.674700690921131	0.00065
DYNLT3	138	53	1.2083215747896523	0.6244
DYRK3	138	56	-5.963991311749085	0.05683
E2F2	138	119	-5.853246666637644	0.01096
EAPP	138	90	2.417839000453446	0.79572
EBNA1BP2	138	93	-13.41787871684024	1e-05
EBP	138	77	-10.36874049686894	0.00075
ECD	138	85	-5.527705616397511	0.03535
ECH1	138	44	-6.272390253993558	0.07088
EDEM1	138	70	3.0493932595732955	0.816
EDN1	138	68	-12.766919304620249	0.00027
EED	138	96	-18.383045979516936	1e-05
EGF	138	67	2.424533311883247	0.76343
EGFR	138	53	-3.237618639627468	0.19986
EGR1	138	75	-1.6829136245748917	0.30509
EIF4EBP1	138	89	-21.10747395953132	1e-05
EIF4G1	138	81	-14.598424819553776	1e-05
EIF5	138	93	-7.1849976549164465	0.00691
ELAC2	138	71	-6.849274254390153	0.02142
ELAVL1	138	79	-14.372515660806124	3e-05
ELOVL6	138	65	-5.032851703042034	0.0757
EML3	138	64	-0.5375529423652649	0.44221
ENOPH1	138	85	-6.142096058881129	0.02213
ENOSF1	138	81	-13.82084237930986	3e-05
EPB41L2	138	81	-14.251009644079783	2e-05
EPHA3	138	93	5.142665673743783	0.96105
EPHB2	138	97	-1.7740486588516353	0.26531
EPN2	138	65	-4.27659486158694	0.11096
EPRS	138	82	-11.961276793098397	6e-05
ERBB2	138	48	-0.40608426705925205	0.46145
ERBB3	138	70	-2.028920959229524	0.27309
ERO1L	138	78	-15.719547835971293	1e-05
ETFB	138	66	-8.786349097358595	0.00588
ETS1	138	83	-1.2479289112954177	0.34271
ETV1	138	75	-16.525372444497663	1e-05
EVL	138	70	-3.9592294057135593	0.11925
EXOSC4	138	74	-10.380976121882043	0.00098
EXT1	138	55	-2.2014153294194245	0.28013
EZH2	138	82	-25.033726263086393	1e-05
FAH	138	63	-7.009245438601526	0.02508
FAIM	138	70	3.7243654297672673	0.86466
FAM20B	138	82	-2.3552248952145716	0.22624
FAM57A	138	56	-6.128168116808399	0.05196
FAM63A	138	61	-1.3598735596325682	0.35036
FAM69A	138	50	4.105555046520986	0.85029
FAS	138	81	-8.639319253228976	0.00319
FASTKD5	138	82	-10.737279476745213	0.00039
FAT1	138	53	2.210952964195176	0.71882
FBXL12	138	70	6.142015480245079	0.96516
FBXO11	138	79	-8.690370370164969	0.00302
FBXO21	138	53	0.7814672961928905	0.58179
FBXO7	138	67	-3.9802838441115327	0.12588
FCHO1	138	73	0.397805318974362	0.54872
FDFT1	138	42	-2.132456720736934	0.31086
FEZ2	138	72	0.8463053774691481	0.60044
FGFR2	138	67	-1.7084552227862346	0.31149
FGFR4	138	61	-13.638382988457623	0.00024
FHL2	138	48	-4.8521956686881955	0.11805
FIS1	138	42	-8.656168449396462	0.02567
FKBP14	138	99	-16.87876916770505	1e-05
FKBP4	138	52	-3.202358542255294	0.20441
FOS	138	54	1.855444507055997	0.68858
FOSL1	138	77	-18.277833313560244	1e-05
FOXJ3	138	91	-3.8826305541838084	0.09411
FOXO3	138	49	-0.9707724466229063	0.40493
FOXO4	138	45	3.2555207252667255	0.78063
FPGS	138	64	-0.8581874450213698	0.40544
FRS2	138	78	-6.123006577910823	0.02846
FSD1	138	69	2.702236307937812	0.78907
FUT1	138	48	3.4798267455869274	0.80487
FYN	138	89	0.5092153731269559	0.56666
FZD1	138	60	-2.0764976716192063	0.28372
FZD7	138	69	0.5529705511621743	0.56513
G3BP1	138	93	-17.319567123985987	1e-05
GAA	138	51	-3.7945371320613637	0.16807
GABPB1	138	87	-19.19152696024899	1e-05
GADD45A	138	54	1.2659627099357034	0.63141
GADD45B	138	53	-3.0983068744380593	0.20996
GALE	138	56	1.1816597891562137	0.62554
GAPDH	138	44	-3.5607819234073466	0.19904
GATA2	138	83	-3.951500157133737	0.10055
GATA3	138	81	4.725863322217506	0.93506
GDPD5	138	51	0.5181552876070316	0.55449
GFOD1	138	110	2.824321384041948	0.85426
GFPT1	138	82	-10.785618173416475	0.00036
GHR	138	73	-0.30379993705265085	0.46391
GLI2	138	74	-7.547075235402041	0.01147
GLOD4	138	71	-0.9002282002998665	0.39341
GLRX	138	44	-1.2431250179118205	0.38452
GMNN	138	87	-19.22892825115894	1e-05
GNA11	138	81	-2.5193116939971483	0.21044
GNA15	138	77	0.6310343725614515	0.57618
GNAI1	138	94	1.2034976087023896	0.66262
GNAI2	138	63	-11.920009842311028	0.00045
GNAS	138	41	-3.1461023092029645	0.23695
GNB5	138	29	0.16134614230344704	0.51548
GNPDA1	138	51	2.0137037198221455	0.69718
GOLT1B	138	70	-10.723119228951647	0.00069
GPATCH8	138	94	-1.5725284300516882	0.29423
GPC1	138	60	-13.151560873088831	0.00023
GPER	138	85	0.6458298446526602	0.584
GPR56	138	57	2.7348232902607625	0.76992
GRB10	138	90	5.104256869872175	0.95736
GRB7	138	58	-1.201570931721967	0.37163
GRN	138	41	-3.1455568929743647	0.23698
GRWD1	138	95	-18.25009324053506	1e-05
GSTM2	138	80	-7.525834430701329	0.00861
GSTZ1	138	47	1.1747860064938975	0.61231
GTF2A2	138	75	-12.599586957802993	0.0001
GTF2E2	138	92	-6.439412194122001	0.01358
GTPBP8	138	62	2.051282811140929	0.71873
H2AFV	138	78	-11.66508665080253	0.00017
HADH	138	62	-11.284789553063517	0.00126
HAT1	138	89	-21.875026884864905	1e-05
HDAC2	138	89	-14.365783356900009	1e-05
HDAC6	138	41	0.5607696238635712	0.55205
HDGFRP3	138	96	-18.71639393660402	1e-05
HEATR1	138	79	-2.2536952387570963	0.23834
HEBP1	138	57	-2.0808806636487716	0.28849
HERC6	138	62	-0.07555607470393647	0.49268
HERPUD1	138	47	-2.939570286457361	0.23794
HES1	138	87	-7.786128482577479	0.00497
HIF1A	138	67	3.994991171988228	0.8775
HIST1H2BK	138	45	3.989546084059593	0.82864
HIST2H2BE	138	56	2.6376345166275397	0.76029
HK1	138	71	-8.29463825551873	0.00692
HLA-DMA	138	55	-5.662221956689879	0.06992
HLA-DRA	138	68	-2.2686322302050703	0.25241
HMG20B	138	48	0.714460929531393	0.57164
HMGA2	138	78	-16.537023827317164	1e-05
HMGCR	138	65	-1.350369689384578	0.3478
HMGCS1	138	49	2.4201867732041187	0.72703
HMOX1	138	56	-3.3964933344192136	0.18285
HN1L	138	81	-7.890302673383503	0.00629
HOMER2	138	83	-6.920215116684304	0.01253
HOOK2	138	75	0.03284516012188921	0.50569
HOXA10	138	95	-10.106165591936028	0.00019
HOXA5	138	69	-9.854596304336388	0.00212
HPRT1	138	87	-13.709761453085363	2e-05
HS2ST1	138	85	-9.086568821677474	0.00143
HSD17B10	138	56	-11.429046726651576	0.00146
HSD17B11	138	63	-3.9270637374117765	0.13406
HSPA1A	138	69	-5.450135136374208	0.05418
HSPA4	138	77	-2.7635071648112506	0.19457
HSPA8	138	68	-0.03896831679504406	0.4939
HSPB1	138	51	-2.286564139600326	0.28201
HSPD1	138	95	-5.90536943905046	0.02068
HTATSF1	138	69	-5.698452415880539	0.04683
HTRA1	138	68	5.687814395971846	0.95114
HYOU1	138	74	-3.2106779720451692	0.16363
IARS2	138	38	-5.230609406419235	0.12486
ICAM1	138	61	-4.153273373220042	0.12319
ICAM3	138	88	-19.029463081170714	1e-05
ICMT	138	91	-21.58555696305727	1e-05
ID2	138	100	-4.892798105642846	0.04172
IDE	138	101	-5.215977398907868	0.03213
IER3	138	56	-13.345958429749826	0.00027
IFNAR1	138	58	-0.24523383259856293	0.47259
IFRD2	138	83	-2.000467973183461	0.25771
IGF1R	138	63	3.2742657633118997	0.82271
IGF2BP2	138	80	-10.299655985301879	0.00067
IGF2R	138	34	-0.6313605861758819	0.44826
IGFBP3	138	77	-10.755921586528396	0.00053
IGHMBP2	138	100	-10.41957639197931	0.00013
IKBKAP	138	65	-0.4915336001195014	0.44275
IKBKB	138	51	-2.991702871174525	0.22448
IKBKE	138	64	1.1215484782712637	0.62813
IKZF1	138	73	3.3034553466854852	0.84227
IL13RA1	138	72	-8.109046116832888	0.00746
IL1B	138	69	1.5796032426758897	0.68172
IL4R	138	47	-0.34716995854059124	0.46673
ILK	138	52	-2.365829829416364	0.26992
INPP1	138	51	-16.817249959948477	6e-05
INPP4B	138	85	-0.5330938546731752	0.43075
INSIG1	138	52	-1.7611615847718145	0.32377
INTS3	138	78	0.6521475089854557	0.58363
IPO13	138	60	-0.5929252391594171	0.43265
IQGAP1	138	57	3.4465908466833244	0.82374
ISOC1	138	95	0.15864342625459735	0.52389
ITFG1	138	53	1.383996959633048	0.64128
ITGAE	138	54	-5.803790662438462	0.06724
ITGB1BP1	138	57	-3.659480541673542	0.16339
ITGB5	138	60	-12.717449735287989	0.0003
JMJD6	138	54	-0.5007762720208803	0.44774
JUN	138	53	3.1101330733181545	0.791
KAT6A	138	69	-6.748904652284041	0.02402
KAT6B	138	78	2.4355936594987666	0.78058
KCNK1	138	87	-2.243451937479995	0.22835
KCTD5	138	99	-17.487241784610276	1e-05
KDELR2	138	86	-8.309500036937523	0.00337
KDM3A	138	51	-0.05872659545444978	0.49558
KDM5A	138	56	3.6909667864509537	0.83872
KDM5B	138	60	3.832079233534068	0.85341
KEAP1	138	79	-10.588036138642385	0.0005
KIAA0100	138	75	0.13962555223402096	0.51832
KIAA0196	138	61	1.801797403675124	0.69136
KIAA0355	138	87	-4.436609175310266	0.06996
KIAA0494	138	32	-0.9530425142294415	0.42253
KIAA0528	138	46	3.2974450206729355	0.78695
KIAA0753	138	60	-0.833049342712255	0.40689
KIAA0907	138	59	3.622861872589319	0.83948
KIAA1033	138	44	0.5797881844395301	0.55316
KIAA1279	138	72	-3.558932540567849	0.14143
KIF14	138	104	-23.68538115135685	1e-05
KIF20A	138	77	-23.374259481733446	1e-05
KIF2C	138	62	-6.639889090151267	0.03319
KIF5C	138	88	-7.616840112944033	0.00567
KIT	138	61	4.055079817915602	0.8677
KLHDC2	138	40	0.49233594131726904	0.54442
KLHL21	138	101	2.6550471403943496	0.82939
KLHL9	138	72	5.462912854811991	0.94958
KTN1	138	63	2.1312787158566655	0.72736
LAGE3	138	78	-6.893663991682438	0.01569
LAMA3	138	51	-7.881525121127972	0.02407
LAP3	138	85	-4.475398701775954	0.071
LBR	138	95	-21.30007109300887	1e-05
LGALS8	138	53	6.494503513426648	0.95221
LGMN	138	59	-4.505035462089315	0.10844
LIG1	138	74	-29.999020458220475	1e-05
LIPA	138	56	3.29219307268796	0.81166
LOXL1	138	78	1.6872419621128367	0.70496
LPAR2	138	58	4.580510553095301	0.89232
LPGAT1	138	56	1.4366627154974176	0.6513
LRP10	138	59	-1.7865777114516077	0.31182
LRPAP1	138	78	-8.607899832104003	0.00356
LRRC16A	138	58	0.3656993484839703	0.53881
LRRC41	138	57	4.128000194878233	0.86679
LSM5	138	73	13.099482010161587	0.99997
LSM6	138	97	-20.375697147743654	1e-05
LSR	138	77	-1.960933873493411	0.27049
LYN	138	74	0.4390249720717482	0.55495
LYPLA1	138	80	-2.2312615393138806	0.23668
LYRM1	138	84	-6.315361515010194	0.02047
MACF1	138	47	2.907061218193654	0.76057
MALT1	138	75	-13.803035172536777	1e-05
MAMLD1	138	98	-0.46495268206007995	0.43401
MAN2B1	138	36	-5.827434797082371	0.10838
MAP2K5	138	57	-2.622149244326789	0.24083
MAP3K4	138	88	-22.45584060381993	1e-05
MAP4K4	138	76	-7.885266301503492	0.00775
MAP7	138	69	3.0439431001755106	0.81622
MAPK13	138	84	-2.1192503373494564	0.24627
MAPK1IP1L	138	74	-0.8102903264982528	0.40225
MAPK9	138	78	4.223276637040097	0.90727
MAPKAPK2	138	57	-1.157650457994407	0.37897
MAPKAPK3	138	85	-0.25708129838214083	0.46682
MAPKAPK5	138	106	-12.255558408401793	1e-05
MAST2	138	82	-6.717643015163977	0.0161
MAT2A	138	64	-0.10600079006501814	0.49085
MBNL1	138	71	-9.564954109164052	0.00242
MBNL2	138	58	1.979433207353537	0.7022
MBOAT7	138	49	-0.13907099244333332	0.48745
MBTPS1	138	63	1.9052029819197065	0.70557
MCM3	138	88	-28.254219814393792	1e-05
MCOLN1	138	95	3.131453442780386	0.86216
ME2	138	94	7.100456840573868	0.99191
MEF2C	138	90	6.23077146134935	0.98221
MELK	138	91	-19.225973866524324	1e-05
MEST	138	47	5.579759553091778	0.91104
METRN	138	56	-2.068092594163524	0.29032
MFSD10	138	94	-2.8901430416560547	0.16178
MICALL1	138	85	-8.530634013789504	0.00253
MIF	138	76	-8.160345197453115	0.00606
MKNK1	138	64	5.58125991001427	0.94183
MLEC	138	58	-16.422392311237257	3e-05
MLLT11	138	85	-12.958289131069645	1e-05
MMP1	138	75	2.2691538660370836	0.75755
MMP2	138	60	-1.8147216327176945	0.30828
MNAT1	138	102	-11.236510556382909	4e-05
MOK	138	94	-5.639764436243761	0.02689
MPZL1	138	56	-2.582320263836146	0.24505
MRPL12	138	85	-21.120884675472922	1e-05
MRPL19	138	98	-6.680593613111706	0.00953
MRPS16	138	58	-2.3055077718826924	0.26534
MRPS2	138	77	-6.533048026746605	0.0221
MSH6	138	98	-18.38563989838306	1e-05
MSRA	138	80	-4.50504184920885	0.07535
MTA1	138	75	-0.8244696848648613	0.40281
MTERFD1	138	87	-17.888600559511048	1e-05
MTF2	138	97	-14.025111845087421	1e-05
MTFR1	138	71	1.6801321208794846	0.6923
MTHFD2	138	96	-21.924552751909214	1e-05
MUC1	138	82	6.7327936715041705	0.98462
MVP	138	36	-2.1253788777499643	0.32283
MYBL2	138	94	-25.95853797629574	1e-05
MYC	138	67	-16.363491870521173	1e-05
MYCBP	138	85	-20.881563317317568	1e-05
MYCBP2	138	62	5.23826382231071	0.9276
MYL9	138	57	1.3564286847715603	0.64274
MYLK	138	90	-5.73057404153185	0.02698
MYO10	138	76	-10.46080359065346	0.00078
NARFL	138	71	-0.4673312146451293	0.44369
NCAPD2	138	81	-23.15322878715538	1e-05
NCK1	138	63	-4.3246549031513215	0.1118
NCK2	138	86	-5.825736255791368	0.02856
NCOA3	138	64	-2.751709278294616	0.21679
NENF	138	41	-4.627536182712518	0.14832
NET1	138	94	-8.42000571595199	0.00178
NFATC3	138	77	2.3565108396936507	0.76803
NFATC4	138	77	4.206660055670785	0.90501
NFE2L2	138	71	4.538656993861921	0.91203
NFIL3	138	71	-7.227490184725717	0.01622
NFKB2	138	48	1.8105665710320042	0.67329
NFKBIA	138	45	-2.6702099735048552	0.26259
NFKBIB	138	83	-6.622651429480588	0.01596
NFKBIE	138	57	3.2737773171334132	0.81123
NGRN	138	100	-10.629632521274567	9e-05
NIPSNAP1	138	32	6.667525386809963	0.90638
NISCH	138	36	4.7428204264630605	0.84335
NIT1	138	53	3.8163642707640633	0.83907
NMT1	138	74	-10.376045320404057	0.001
NNT	138	72	-6.348308909344504	0.02742
NOL3	138	44	-2.5295221042306695	0.27401
NOLC1	138	97	-18.502269752579696	1e-05
NOS3	138	52	-2.756912822953146	0.23752
NOSIP	138	73	0.8428349152657065	0.60115
NOTCH1	138	89	2.2043205497848013	0.76969
NPC1	138	55	-2.31104759973365	0.27042
NPDC1	138	38	-0.5462667296491225	0.44983
NPEPL1	138	42	-0.5045383444470564	0.4525
NPRL2	138	65	4.533640361744795	0.90288
NR1H2	138	68	1.182167851844683	0.63588
NR2F6	138	57	-1.4394921442712252	0.35021
NR3C1	138	90	-0.9717938803625324	0.3723
NRAS	138	93	-5.259169882914935	0.03552
NRIP1	138	71	1.4248114207505655	0.6651
NSDHL	138	63	6.146154151977307	0.95773
NT5DC2	138	70	-7.500903203015197	0.0138
NUCB2	138	45	-19.106486518485884	2e-05
NUDCD3	138	49	-4.369928571157824	0.14151
NUDT9	138	65	4.16847478482336	0.88386
NUP133	138	77	-2.3832755215546797	0.22868
NUP62	138	102	-19.88300869137827	1e-05
NUP85	138	48	12.351781963535998	0.99842
NUP88	138	92	-21.040217474019247	1e-05
NUP93	138	88	-21.074733257002382	1e-05
NUSAP1	138	58	-3.47317364307612	0.17278
NVL	138	63	3.061926461586596	0.80717
ORC1	138	64	4.709045272790302	0.90806
OXA1L	138	41	-3.198487694187923	0.23337
OXCT1	138	66	6.506227280384532	0.96843
OXSR1	138	58	-9.897913144362057	0.00488
P4HA2	138	49	1.418312597312322	0.63839
P4HTM	138	49	-4.807658240846215	0.11927
PACSIN3	138	86	0.7014495331705715	0.59537
PAF1	138	80	-13.404769854533326	2e-05
PAFAH1B1	138	56	-0.013941360196966708	0.49855
PAFAH1B3	138	66	-6.171086938267621	0.0382
PAICS	138	99	-17.093327020268305	1e-05
PAK1	138	97	-7.054944274384632	0.00676
PAK4	138	51	-15.63116268010449	0.00011
PAK6	138	99	1.5475784832133013	0.70766
PAN2	138	76	3.6991924252506267	0.87398
PAPD7	138	52	1.611924120253101	0.6587
PARP1	138	82	-20.879980987009077	1e-05
PARP2	138	82	-19.51705115044615	1e-05
PAX8	138	46	4.673697914101226	0.86873
PCBD1	138	57	-6.197209666184619	0.0495
PCCB	138	53	-0.9591407036903669	0.40147
PCK2	138	82	-6.146570761506768	0.02466
PCM1	138	75	-8.831270002422881	0.00382
PCMT1	138	73	-15.375939273610015	2e-05
PCNA	138	60	-4.3943949791559165	0.1138
PDGFA	138	69	0.8305365653197144	0.59741
PDHX	138	65	-1.2142002845306197	0.3625
PDIA5	138	71	-11.719011654437395	0.00032
PDLIM1	138	60	-1.5617793061647651	0.33181
PDS5A	138	65	-8.86652659546952	0.00621
PECR	138	79	-1.5333605524009561	0.31323
PEX11A	138	96	0.7280389140664524	0.59737
PFKL	138	82	-0.5646590443858983	0.42942
PGAM1	138	44	-2.089418836150865	0.30978
PGM1	138	45	-10.553101640597195	0.00725
PGRMC1	138	62	-8.179282372669734	0.01246
PHF15	138	95	-2.0169242528928724	0.24364
PHGDH	138	90	-24.69698786291653	1e-05
PHKA1	138	45	2.092398923504933	0.68937
PHKB	138	59	-11.65719660513556	0.00109
PHKG2	138	59	0.6892923577071406	0.57629
PIGB	138	67	0.41857417145463194	0.55189
PIH1D1	138	60	-12.17393992159474	0.00047
PIK3C2B	138	54	-3.3053151268903824	0.19444
PIK3C3	138	50	-0.5217411150484319	0.44981
PIK3CA	138	52	-0.23865396068864403	0.47389
PIK3R3	138	52	-8.394433969930567	0.01737
PIK3R4	138	87	-18.90919015725106	1e-05
PIN1	138	78	-6.695360258246213	0.01824
PIP4K2B	138	70	-9.320917878504126	0.00287
PKIG	138	41	0.024363987289443154	0.50457
PLA2G15	138	45	-4.526084458949969	0.14104
PLA2G4A	138	46	4.316738547100064	0.84947
PLCB3	138	93	-2.3548671787450473	0.21093
PLEKHJ1	138	61	-1.190143344702104	0.36797
PLEKHM1	138	58	0.9196232355067401	0.59732
PLK1	138	78	-21.458085525450645	1e-05
PLOD3	138	70	-3.4930873037704946	0.14955
PLP2	138	45	-2.045104257306521	0.31262
PLS1	138	96	-6.016891404683732	0.01802
PLSCR1	138	96	-8.358105092288119	0.00201
PLSCR3	138	60	-0.9515245227424601	0.39444
PMAIP1	138	79	-22.187024045698095	1e-05
PMM2	138	63	3.019944966343025	0.80361
PNKP	138	55	2.8430384129426267	0.77447
PNP	138	81	-17.056419046704498	1e-05
POLB	138	74	-8.170110095833483	0.00731
POLD4	138	33	-2.5211721016635957	0.30087
POLE2	138	100	-20.821160234845422	1e-05
POLG2	138	66	-4.951878645918446	0.07694
POLR1C	138	86	-8.17700596729551	0.00377
POLR2I	138	75	0.4281932028784038	0.55409
POLR2K	138	98	-14.191343892674903	1e-05
POP4	138	93	-16.706987881930043	1e-05
PPARD	138	58	3.493279020096752	0.82736
PPARG	138	98	1.095579083016149	0.64979
PPIC	138	70	-5.675210171363494	0.04612
PPIE	138	91	-14.83856171826584	1e-05
PPOX	138	63	3.878062554059259	0.86257
PPP1R13B	138	80	5.499544838016899	0.95895
PPP2R3C	138	82	-8.794260080386596	0.00264
PPP2R5A	138	54	0.2615469497418696	0.52643
PPP2R5E	138	68	-5.947451077685559	0.04047
PRAF2	138	32	1.204518918160244	0.59733
PRCP	138	48	2.858843611141788	0.7604
PRKACA	138	59	2.0968037032201896	0.71797
PRKAG2	138	80	-8.270629216875266	0.00433
PRKCD	138	55	3.948605125244906	0.85147
PRKCH	138	77	-1.0406769912816791	0.37047
PRKCQ	138	77	1.23624269558432	0.64779
PRKX	138	68	-3.1252678850593036	0.17916
PROS1	138	56	-1.3009213925248064	0.3648
PRPF4	138	94	-15.385465279975072	1e-05
PRR15L	138	61	0.7002000654052956	0.57498
PRR7	138	74	-11.453444894359057	0.00032
PRSS23	138	68	-11.039035530636188	0.00091
PRUNE	138	61	-8.791998746904502	0.00827
PSIP1	138	68	-1.2237383703786222	0.35966
PSMB10	138	72	-9.781747078296135	0.00169
PSMB8	138	45	-4.0274244209847145	0.16899
PSMD10	138	91	-9.93504621688525	0.00035
PSMD2	138	62	-6.869754755496987	0.02907
PSMD4	138	59	-6.7226986553940735	0.03415
PSMD9	138	79	-0.014348884014552643	0.49751
PSME1	138	44	-1.2532899365305155	0.38366
PSME2	138	52	-6.52201506269667	0.04884
PSMF1	138	68	-0.17602949434333062	0.47785
PSMG1	138	100	-17.52032589612456	1e-05
PSRC1	138	78	-19.37417945425875	1e-05
PTGS2	138	73	-9.575185601655022	0.00223
PTK2	138	78	-1.1939561499267872	0.355
PTK2B	138	57	-0.592947640561616	0.43861
PTPLAD1	138	51	-0.1964900624816177	0.4823
PTPN1	138	71	-5.008381275755658	0.06758
PTPN12	138	79	-15.327763868989551	1e-05
PTPN6	138	54	-6.234244701685136	0.05422
PTPRC	138	72	1.2195148601077181	0.6428
PTPRF	138	42	4.4545232940217625	0.84684
PTPRK	138	60	1.4489873237348696	0.65417
PUF60	138	36	22.07335238940053	1.0
PWP1	138	70	0.7049465008821708	0.58429
PXMP2	138	91	-6.83515435305496	0.01028
PXN	138	37	3.4943756953162026	0.77801
PYCR1	138	76	-24.33496873980978	1e-05
PYGL	138	39	-0.929700242337349	0.41728
RAB11FIP2	138	75	2.3584379755158222	0.76572
RAB21	138	72	-1.253587643886746	0.35186
RAB27A	138	61	-1.6900701491389623	0.31735
RAB31	138	58	2.780090936730705	0.77342
RAB4A	138	49	-2.2911767907441747	0.28561
RAC2	138	74	-0.5455039237296799	0.43445
RAD51C	138	82	-28.849680506329523	1e-05
RAD9A	138	84	-14.931209507009205	1e-05
RAE1	138	94	-19.703042602008377	1e-05
RAI14	138	36	-1.911959389598999	0.33937
RALA	138	84	-2.9788445680030864	0.1659
RALB	138	66	-8.06135396506593	0.01037
RALGDS	138	57	2.053086421382888	0.71083
RAP1GAP	138	63	-18.884940225410652	1e-05
RASA1	138	81	-3.17607252340853	0.15583
RB1	138	81	-5.206976080620383	0.04894
RBKS	138	48	-0.3565172752633592	0.46655
RBM15B	138	63	0.6709489877605075	0.5761
RBM34	138	38	-1.4706052550128874	0.37093
RBM6	138	88	-8.412149971374841	0.00278
REEP5	138	79	-1.3457992329650772	0.33494
RELB	138	54	4.796144677668116	0.89501
RFC2	138	80	-21.142727994040936	1e-05
RFC5	138	92	-21.560898289954753	1e-05
RFNG	138	55	-0.14642547626624522	0.4849
RFX5	138	54	-10.66260463409892	0.00366
RGS2	138	65	-21.79375301071962	1e-05
RHEB	138	55	-5.967082401784368	0.06035
RHOA	138	60	-0.6048256902904976	0.43121
RNF167	138	55	-8.366697601663134	0.01488
RNH1	138	48	4.264815473093073	0.8536
RNMT	138	50	-5.9708796269227085	0.06918
RNPS1	138	93	-14.243022449522108	1e-05
RPA1	138	89	-16.120133475174875	1e-05
RPA2	138	89	-19.436580199853058	1e-05
RPA3	138	87	-17.66872552440148	1e-05
RPIA	138	88	-17.87178029820576	1e-05
RPL39L	138	97	-18.98017893863236	1e-05
RPN1	138	66	-15.32473765528282	1e-05
RPP38	138	77	-6.5299617289895435	0.02216
RPS5	138	76	1.6550286052122445	0.69795
RPS6	138	69	1.0142700915154867	0.61888
RPS6KA1	138	65	-8.525893187457696	0.00812
RRAGA	138	47	-4.5270594277040805	0.13809
RRP12	138	90	-2.9106648218155153	0.16346
RRP1B	138	74	-17.907980287470682	1e-05
RRP8	138	96	-11.492520836787827	3e-05
RRS1	138	104	-18.80105455678977	1e-05
RSU1	138	56	-1.4281010994652823	0.35212
RTN2	138	55	0.3488966037164664	0.53733
RUVBL1	138	86	-24.64226223440025	1e-05
S100A13	138	62	0.2115801201652121	0.52548
S100A4	138	53	-6.402917719265221	0.05089
SACM1L	138	80	-7.078585148185555	0.01252
SATB1	138	87	-1.6912113357671401	0.2874
SCAND1	138	52	-1.6029042255937973	0.33885
SCARB1	138	40	-6.524886808895824	0.07387
SCCPDH	138	56	-4.503843143214259	0.11532
SCP2	138	56	-15.530401680636448	2e-05
SCRN1	138	55	2.6386943195678256	0.75824
SCYL3	138	61	-1.463168022730151	0.3399
SDHB	138	97	-17.99940313791787	1e-05
SENP6	138	89	-3.594193555095211	0.11343
SERPINE1	138	58	-3.764573642790331	0.15363
SESN1	138	94	-7.858275008355482	0.00348
SFN	138	84	-7.441570393150934	0.00835
SGCB	138	91	-8.01315956859366	0.00358
SH3BP5	138	50	-4.549385775114902	0.1275
SHB	138	61	-2.1588307101334068	0.27236
SHC1	138	71	2.6348413416560814	0.78406
SIRT3	138	85	-3.661428746990106	0.11447
SKIV2L	138	90	-9.028966957137934	0.00131
SKP1	138	75	-10.611110178917434	0.00077
SLC11A2	138	73	-4.028197057336635	0.11049
SLC1A4	138	93	-9.212580278449009	0.00091
SLC25A13	138	90	-4.810895543949716	0.05333
SLC25A14	138	105	-5.67973522595517	0.01897
SLC25A4	138	54	-2.992229406887899	0.21771
SLC25A46	138	74	-6.759506837685959	0.02065
SLC27A3	138	61	1.65519914954254	0.67642
SLC2A6	138	43	-1.2762246342538321	0.38142
SLC35A1	138	52	-6.784084183545154	0.04267
SLC35A3	138	85	-3.973835073078435	0.09664
SLC35B1	138	80	-16.726144808750355	1e-05
SLC35F2	138	80	-13.83146333136671	1e-05
SLC37A4	138	82	-5.903282937849091	0.02918
SLC5A6	138	97	-11.165355096598331	3e-05
SMAD3	138	53	-0.13577118840828825	0.48749
SMARCA4	138	67	2.1730274674778074	0.73979
SMARCC1	138	67	2.991995862720403	0.80959
SMARCD2	138	79	-2.3244650953538306	0.23174
SMC1A	138	92	-11.830505225422357	1e-05
SMC3	138	97	-12.353058446413517	2e-05
SMC4	138	103	-24.487017167868387	1e-05
SMNDC1	138	86	-9.484402159646686	0.00107
SNAP25	138	71	0.6365838805705777	0.5779
SNCA	138	37	-2.9336487190064933	0.26529
SNX11	138	79	0.3231235218074209	0.53962
SNX13	138	63	2.606179725326436	0.76987
SNX6	138	56	0.37079668652886955	0.53982
SNX7	138	54	2.3463857263678882	0.73276
SOCS2	138	77	-2.049101249519709	0.26144
SORBS3	138	61	-3.1539025339985898	0.18883
SOX2	138	78	-4.409519754881295	0.08355
SOX4	138	44	-3.0937352054265017	0.23118
SPAG4	138	69	-6.203211436406021	0.03457
SPAG7	138	43	-0.48240752249541996	0.45451
SPDEF	138	76	2.113906134519271	0.74465
SPEN	138	69	6.614834481861144	0.97358
SPP1	138	75	-11.671063360352088	0.00027
SPR	138	58	5.561454461965445	0.93383
SPRED2	138	66	-6.947148095923496	0.02336
SPTAN1	138	81	-11.560316290337067	0.00017
SPTLC2	138	77	-10.648046426734492	0.00062
SQRDL	138	65	-11.288762449939055	0.00087
SQSTM1	138	48	-0.4110321446816834	0.46095
SRC	138	87	-11.050253561206272	0.00012
SSBP2	138	82	3.832646712845138	0.89249
ST3GAL5	138	89	-10.086429073314285	0.00037
ST6GALNAC2	138	73	4.205481438109826	0.89959
ST7	138	69	-12.66036258337177	0.0001
STAMBP	138	76	-5.171347082204758	0.05509
STAP2	138	100	3.712444324113605	0.90692
STAT1	138	55	-1.2153082284635048	0.3743
STAT3	138	63	-9.16916346897034	0.00583
STAT5B	138	75	-0.40974523049894124	0.45226
STK10	138	98	-5.56602653042503	0.02533
STK25	138	55	-1.9946224586223558	0.29882
STMN1	138	70	-19.016772491118434	1e-05
STUB1	138	36	-2.299858576665376	0.31006
STX1A	138	56	-15.266946488749609	3e-05
STX4	138	25	5.037336779969982	0.8148
STXBP1	138	65	-0.07694331389261848	0.49018
STXBP2	138	60	-0.663268044911375	0.42505
SUPV3L1	138	64	-4.273146707573995	0.11396
SUV39H1	138	111	-21.269444268922317	1e-05
SUZ12	138	80	-20.26890336770629	1e-05
SYK	138	62	-1.0044123151804283	0.39033
SYNE2	138	73	-7.297651368572834	0.01408
SYNGR3	138	58	-0.9529839022371963	0.39727
SYPL1	138	48	1.5340751861390682	0.64778
TARBP1	138	57	3.3462298203303686	0.81666
TATDN2	138	90	-19.28376612040142	1e-05
TBC1D9B	138	44	-0.8877843915893533	0.41742
TBP	138	95	-21.83616088630624	1e-05
TBPL1	138	87	-16.16480656017512	1e-05
TBX2	138	97	7.125340034250151	0.99379
TBXA2R	138	81	-0.647507213058104	0.41734
TCEA2	138	30	-1.520719100525816	0.38342
TCEAL4	138	43	-4.326423596168267	0.15741
TCERG1	138	97	-23.6527407704869	1e-05
TCFL5	138	79	2.2423448574448193	0.76029
TCTA	138	52	1.925181962480923	0.68814
TCTN1	138	61	-3.336485488772619	0.17506
TERF2IP	138	67	-0.6541525254829006	0.42792
TERT	138	81	-16.635284308916262	1e-05
TES	138	50	1.660087638236057	0.66576
TESK1	138	51	-0.9830957052421018	0.40317
TEX10	138	59	-8.308039120238432	0.01287
TFAP2A	138	64	3.5838123165954103	0.84683
TFDP1	138	94	-20.961450950774076	1e-05
TGFB3	138	68	2.23619040021109	0.74386
TGFBR2	138	74	-1.203388475045889	0.3571
THAP11	138	62	7.010448283823149	0.97378
TIAM1	138	83	-11.176498073623502	0.0002
TICAM1	138	76	-0.8526468289693566	0.39815
TIMELESS	138	87	-20.69031087531045	1e-05
TIMM17B	138	58	-0.4986186511232203	0.44533
TIMM22	138	85	-2.9951352657185364	0.16226
TIMM9	138	71	-7.069981732996327	0.01831
TIMP2	138	42	2.528264722295583	0.7215
TIPARP	138	68	-1.2973259177049876	0.35175
TJP1	138	56	1.71153072731502	0.67782
TLE1	138	43	-0.7813083255636823	0.42655
TLK2	138	73	9.033301059255031	0.99682
TLR4	138	76	-1.6492072217116533	0.30564
TM9SF2	138	73	-7.020411348381269	0.01729
TM9SF3	138	39	2.1794061117902688	0.68709
TMCO1	138	83	-10.562884701659742	0.00038
TMED10	138	71	-5.763729165844564	0.04303
TMEM109	138	79	-26.5043724347673	1e-05
TMEM110	138	96	-8.707782797312394	0.00139
TMEM2	138	54	-6.8430866165885185	0.03935
TMEM5	138	81	1.085687558448369	0.6333
TMEM50A	138	47	-0.3169197926193029	0.46962
TMEM97	138	91	-20.106594739203853	1e-05
TNFRSF21	138	62	-9.761205752293895	0.00395
TNIP1	138	51	3.516746497415895	0.81583
TOMM34	138	66	-15.748675165850143	1e-05
TOMM70A	138	82	-8.793203623656256	0.00265
TOP2A	138	87	-24.221047776114062	1e-05
TOPBP1	138	79	-12.9541818781484	0.0001
TOR1A	138	58	-0.33226759744871387	0.46286
TP53	138	47	-3.3982204522387462	0.20491
TP53BP1	138	54	3.4628101031834246	0.81816
TP53BP2	138	58	0.3459391261596762	0.53666
TPD52L2	138	83	-7.13898933306273	0.01033
TPM1	138	57	-1.2803058211684994	0.3661
TRAK2	138	61	-3.4411550693302346	0.16768
TRAM2	138	66	-3.337956873105901	0.16769
TRAP1	138	79	-2.8884271474623544	0.18203
TRAPPC3	138	47	-0.8076853702440845	0.42166
TRAPPC6A	138	33	-3.802896337833552	0.21603
TRIB1	138	55	1.578684546280886	0.66328
TRIB3	138	63	-5.494852219898987	0.06166
TRIM13	138	57	-1.557895815957948	0.33868
TRIM2	138	61	1.4099835531514153	0.65134
TSC22D3	138	65	3.1684035629384093	0.81756
TSEN2	138	104	-17.217798985910083	1e-05
TSKU	138	46	-2.1651767722851716	0.29909
TSPAN3	138	70	-4.689325126317081	0.08144
TSPAN4	138	50	-0.8862517729295071	0.41309
TSPAN6	138	82	-4.442649134438606	0.07709
TSTA3	138	68	-1.8260268145083653	0.29607
TUBB6	138	53	-1.0482763415052423	0.39298
TWF2	138	39	3.574608083881349	0.78546
TXLNA	138	80	-9.46492574109728	0.00145
TXNDC9	138	59	-12.880149133083941	0.00042
TXNL4B	138	77	-1.785609312396431	0.2882
TXNRD1	138	54	5.5436902160166	0.92567
UBE2A	138	61	0.15854217407477822	0.51488
UBE2C	138	98	-24.715674986683105	1e-05
UBE2J1	138	76	6.867789132686739	0.98256
UBE2L6	138	38	-3.744976636863059	0.204
UBE3B	138	70	-3.356930392519505	0.15906
UBE3C	138	84	5.9382443927563955	0.97277
UBQLN2	138	83	1.4152283827186045	0.67604
UBR7	138	103	-16.540524850212325	1e-05
UFM1	138	73	3.515830912027849	0.85756
UGDH	138	60	-7.8686432320856055	0.01626
USP1	138	97	-25.25671011340123	1e-05
USP14	138	73	-2.523385897339044	0.22001
USP22	138	89	-6.108124989154626	0.02039
USP6NL	138	91	-9.969426914265844	0.00035
USP7	138	98	-9.44961030444237	0.00052
UTP14A	138	97	-1.4139136163228412	0.30852
VAPB	138	96	-12.976587153099292	1e-05
VAT1	138	31	-2.543659189555458	0.30727
VAV3	138	67	-7.3406843760534235	0.01701
VDAC1	138	68	3.5625305485124237	0.85168
VGLL4	138	66	-4.9581998571134545	0.07668
VPS28	138	80	-6.692779310634279	0.01675
VPS72	138	80	1.5557474491136234	0.6918
WASF3	138	96	-0.6885231073051822	0.40393
WDR61	138	85	-10.08431338519812	0.00052
WDR67	138	82	-2.4784659726886167	0.21477
WDR7	138	68	-1.9218892333740532	0.28623
WDTC1	138	50	1.8749473983232063	0.68471
WFS1	138	73	-10.26567110717679	0.00132
WIPF2	138	51	1.1343475720562726	0.61436
WRB	138	79	-14.682550431262412	3e-05
XBP1	138	86	-6.120343622498635	0.02245
XPNPEP1	138	78	-2.2848095090995786	0.23714
XPO7	138	96	-10.445441019093673	0.00013
YKT6	138	85	-28.845604259588086	1e-05
YME1L1	138	69	-13.859391033408958	2e-05
YTHDF1	138	73	-5.393517597559631	0.05147
ZDHHC6	138	55	-3.386040375370137	0.18627
ZFP36	138	41	-0.4255548661397511	0.46296
ZMIZ1	138	67	0.647622000757347	0.57834
ZMYM2	138	77	-3.4715546800086567	0.13948
ZNF131	138	75	1.4711850083752702	0.67438
ZNF274	138	75	-1.652603841872662	0.30841
ZNF318	138	66	6.844466995771158	0.97462
ZNF395	138	64	1.0361195793750777	0.61901
ZNF451	138	61	-3.548017240343778	0.16052
ZNF586	138	106	-0.253902473319638	0.46341
ZNF589	138	79	1.671213495701232	0.70037
ZW10	138	90	-9.841209445467216	0.00057
