	#_of_exp	#_of_exp(fc<0)	EG_score	empirical_pVal
AARS	96	37	-3.221512337605887	0.16593
ABCB6	96	39	-16.737338899818123	1e-05
ABCC5	96	35	-4.129034653382457	0.11724
ABCF1	96	51	-0.6622346252324883	0.40629
ABCF3	96	39	0.5272558403315177	0.56507
ABHD4	96	17	-0.8733165542336941	0.42489
ABHD6	96	48	-4.820994597818129	0.05289
ABL1	96	52	-1.186494079244868	0.33645
ACAA1	96	42	-12.484678314026793	0.00012
ACAT2	96	55	-7.960671308926469	0.00254
ACBD3	96	49	-3.5803229317315672	0.11021
ACD	96	75	-10.885145787698082	1e-05
ACLY	96	66	-13.272974075936064	1e-05
ACOT9	96	67	-12.894311845893856	1e-05
ADAM10	96	41	0.029868587840390405	0.50315
ADAT1	96	62	0.16304918000223562	0.52509
ADCK3	96	70	0.006982094635563608	0.5004
ADH5	96	44	2.3111565534707377	0.7744
ADI1	96	43	-2.0937028690594537	0.2485
ADO	96	70	-8.804288176225562	0.00018
ADRB2	96	68	-4.377291222002673	0.03906
AGL	96	54	-1.9372705195676179	0.24163
AKAP8	96	58	-5.436601206776254	0.02181
AKAP8L	96	52	2.6826361323693932	0.82901
AKR7A2	96	35	5.386280738251592	0.93708
AKT1	96	59	-8.540766969973657	0.00087
ALAS1	96	31	2.0415623168127084	0.71561
ALDH7A1	96	59	1.7322926998178367	0.74372
ALDOA	96	60	-12.926753761424846	1e-05
ALDOC	96	56	-14.906975179299547	1e-05
AMDHD2	96	43	0.29355579824244027	0.53808
ANKRD10	96	21	3.5697180099926453	0.79178
ANO10	96	53	-6.759701354876272	0.00903
ANXA7	96	34	-10.018127737810604	0.00371
APBB2	96	54	3.7938126658081237	0.91445
APOE	96	48	-0.7435092611664044	0.39971
APP	96	38	2.338610734053343	0.75972
APPBP2	96	31	-4.624791794937742	0.10482
ARFIP2	96	50	-10.584255769779089	0.00024
ARHGAP1	96	47	2.569220665081091	0.80524
ARHGEF12	96	27	-4.275665062319885	0.13924
ARHGEF2	96	44	1.5579454743031491	0.69385
ARID4B	96	30	-2.8711841483124148	0.21936
ARID5B	96	41	-1.9760952168462211	0.26771
ARL4C	96	52	-2.3827768028043277	0.20042
ARNT2	96	37	1.9233930122455747	0.72103
ARPP19	96	37	-2.9557573534066828	0.18605
ASAH1	96	28	1.8151087845772818	0.68143
ASCC3	96	54	-12.315039614298568	2e-05
ATF1	96	64	-5.2633958078539695	0.01989
ATF5	96	50	-11.664373467588625	9e-05
ATF6	96	37	-0.5031471518924694	0.44075
ATG3	96	64	-12.35740292218274	1e-05
ATMIN	96	38	-2.080967460411141	0.26453
ATP11B	96	30	2.1022236729060597	0.71592
ATP1B1	96	40	-15.291253701848001	2e-05
ATP2C1	96	63	-12.51119068179203	1e-05
ATP5S	96	48	-4.318879903181873	0.07255
ATP6V0B	96	63	-3.6689862035253262	0.07565
ATP6V1D	96	29	-9.421164263127974	0.00989
AURKA	96	73	-7.195200903895672	0.00138
AURKB	96	69	-2.7007722786737673	0.13416
AXIN1	96	63	-2.1077365528066494	0.20489
B3GNT1	96	48	-7.993726662745345	0.00441
BACE2	96	43	0.9319971833594394	0.61974
BAD	96	48	0.48448697475162067	0.56391
BAG3	96	38	-0.34506453462498166	0.4576
BAMBI	96	53	-16.25909311181954	1e-05
BAX	96	44	1.9394907242015287	0.7367
BCL2	96	72	-0.019811530160539735	0.49593
BCL7B	96	75	-5.845701783369764	0.00637
BDH1	96	58	-7.1339653637738625	0.00439
BECN1	96	31	0.6366599484246218	0.57308
BHLHE40	96	58	-3.696312288243086	0.08281
BID	96	37	-9.290372852640994	0.00409
BIRC2	96	44	-0.2400308160183736	0.46694
BIRC5	96	63	-4.581475498432379	0.03676
BLCAP	96	39	-7.329998710644851	0.0146
BLMH	96	60	2.3805274884914938	0.81865
BLVRA	96	51	-6.070902362302658	0.01825
BMP4	96	37	-0.8743400156082947	0.39685
BNIP3	96	56	-16.121790294981484	1e-05
BNIP3L	96	47	-9.336147133238342	0.00119
BPHL	96	39	2.5533531882654112	0.78365
BRCA1	96	69	-12.192158942507856	1e-05
BRP44	96	52	-3.736642758415778	0.09399
BTK	96	52	0.10424236519550359	0.51479
BUB1B	96	43	1.897627189335308	0.72996
BZW2	96	69	-12.356254286656515	1e-05
C2CD2	96	50	-6.381822694532712	0.01528
C2CD2L	96	50	-0.2627206293829504	0.46279
C5	96	38	0.7118263955610983	0.58636
CAB39	96	55	0.4388496280106633	0.56087
CALM3	96	57	-1.7665827733372776	0.25822
CALU	96	67	-15.803377843753683	1e-05
CAMSAP2	96	40	1.773310225142188	0.70942
CANT1	96	35	-7.353371398623237	0.0199
CAPN1	96	39	-5.167662590576097	0.05854
CASC3	96	39	-6.369969817892947	0.02843
CASK	96	51	-17.537222509608696	1e-05
CASP10	96	43	1.5613977626896371	0.69347
CASP2	96	70	-6.968427243146348	0.00204
CASP3	96	33	0.7465236386739468	0.58286
CASP7	96	51	-12.14174441963155	3e-05
CAST	96	22	-0.56072840191925	0.44898
CAT	96	25	-2.6281340186731215	0.25903
CBLB	96	30	-0.8004761411340762	0.41232
CBR1	96	46	-12.951202730105178	2e-05
CBR3	96	59	-6.620596884728274	0.00682
CCDC85B	96	62	-5.535711439635419	0.01674
CCDC86	96	49	-4.998178769281973	0.04485
CCDC90A	96	59	-9.275889642887353	0.00038
CCDC92	96	51	-2.720983704952221	0.16895
CCL2	96	47	1.5851640600497579	0.70258
CCNA1	96	59	-0.8701852933853402	0.37166
CCNA2	96	53	-1.460530368211531	0.30126
CCNB1	96	36	1.1678585067547638	0.6346
CCNB2	96	29	-2.1912786487741465	0.28009
CCND1	96	74	-10.093433585489798	1e-05
CCND3	96	51	-12.989204543342026	2e-05
CCNE2	96	66	-3.7420022697476694	0.06659
CCNF	96	70	-5.666080662864194	0.0101
CCNH	96	50	-0.41836383393623666	0.44147
CCP110	96	68	-4.41125566972453	0.03781
CD320	96	71	-6.388148236098716	0.00424
CD40	96	46	2.2321925443650676	0.77211
CD44	96	44	1.3621380508185266	0.67098
CD58	96	53	-6.002898464937167	0.01779
CD97	96	63	-2.2533472571082784	0.18924
CDC20	96	55	-2.234135889688962	0.20559
CDC25A	96	68	-14.239537407032296	1e-05
CDC25B	96	49	4.170465351706	0.92321
CDC42	96	61	-6.897431934811054	0.00471
CDC45	96	64	-11.743337058569965	2e-05
CDCA4	96	71	-11.198607015864846	1e-05
CDH3	96	37	5.908549819330139	0.95806
CDK1	96	64	-4.582763051690775	0.03556
CDK19	96	25	0.7384713906914151	0.57599
CDK2	96	56	-7.804420831304546	0.00254
CDK4	96	72	-15.01519869625983	1e-05
CDK5R1	96	69	-10.575385661333312	2e-05
CDK6	96	54	-1.4167080267754577	0.30334
CDK7	96	38	0.05550275469501264	0.50623
CDKN1A	96	48	-0.09725990776566133	0.48563
CDKN1B	96	27	-1.2846312258825123	0.37144
CDKN2A	96	41	0.6501473299358659	0.58207
CEBPA	96	46	-6.072240307450274	0.02361
CEBPD	96	29	-0.7060331285961944	0.4258
CEBPZ	96	68	-12.203436675803378	1e-05
CENPE	96	61	-0.07891002971739419	0.48758
CEP57	96	42	2.7402610633255153	0.8088
CERK	96	36	0.11823991027294624	0.51257
CETN3	96	52	-5.5248416426405464	0.02656
CFLAR	96	35	-0.9058859913138492	0.39693
CGRRF1	96	59	-4.6255169967315055	0.04083
CHAC1	96	45	0.44636318413412407	0.56155
CHEK1	96	63	-6.070188334528122	0.00918
CHEK2	96	62	-17.62491154159082	1e-05
CHERP	96	56	-2.4759757776222546	0.18099
CHIC2	96	42	-3.707991932527724	0.12051
CHMP4A	96	43	-0.7136941147560886	0.40936
CHMP6	96	73	-8.453283832402581	0.00025
CHN1	96	37	-0.4284436725334753	0.44975
CHP	96	45	2.4216601478085304	0.78983
CIAPIN1	96	63	-4.774112366001375	0.0317
CIRBP	96	40	-0.27686612174140707	0.46733
CISD1	96	48	2.6078803871969782	0.81304
CLIC4	96	34	-2.264162604709674	0.25644
CLPX	96	33	1.0436117828078033	0.61599
CLSTN1	96	25	-0.8280451677438616	0.41928
CLTB	96	46	-0.24981245014073983	0.46543
CLTC	96	47	-7.954479803732057	0.0046
CNDP2	96	43	2.9015966255118153	0.8249
CNOT4	96	55	-4.132133345453802	0.06697
CNPY3	96	59	2.9374114968244376	0.86855
COASY	96	46	-12.307556852417411	5e-05
COG2	96	41	-0.6919901426250706	0.41327
COG4	96	26	-3.3771524849407446	0.19688
COG7	96	27	-0.06954509256680597	0.4944
COL1A1	96	38	-2.4091372270620037	0.23338
COL4A1	96	48	-2.4316731256455286	0.20591
COPB2	96	30	-12.593584774748269	0.00101
COPS7A	96	43	-1.2418004664260782	0.34492
CORO1A	96	49	1.03449642484286	0.63975
CPNE3	96	37	1.0112024534139943	0.62158
CPSF4	96	50	-0.1986861402040147	0.4713
CREB1	96	39	-3.9104298731044356	0.11542
CREG1	96	25	-0.8110384176055146	0.4209
CRELD2	96	51	0.6785968558920245	0.59322
CRK	96	32	-2.321255737743664	0.25422
CRKL	96	44	0.008571840593520048	0.49967
CRTAP	96	48	-0.9224536827380528	0.37639
CRYZ	96	47	0.15659615472597305	0.52234
CSK	96	43	-1.88600925260558	0.27053
CSNK1A1	96	37	-8.053109145035084	0.01045
CSNK1E	96	51	-2.957827762816451	0.14844
CSNK2A2	96	37	-0.9481054289181091	0.38835
CSRP1	96	61	-9.297440811765407	0.00027
CTNNAL1	96	62	-5.843819441992988	0.01233
CTNND1	96	35	-0.16350139021177568	0.48336
CTSD	96	30	0.7518442261790517	0.58185
CTSL1	96	32	2.898686229876628	0.78968
CTTN	96	40	-5.421837052296982	0.04837
CXCL2	96	63	-8.924977212838991	0.00027
CXCR4	96	48	3.776184695022641	0.90023
CYB561	96	50	-11.012583718236327	0.00014
CYCS	96	63	-17.81100741526753	1e-05
CYTH1	96	49	1.0794200740237752	0.6452
DAG1	96	41	-14.74644765878289	1e-05
DAXX	96	43	2.0665925189951544	0.74794
DCK	96	55	-9.085670403857865	0.00072
DCTD	96	58	-10.90379336056696	9e-05
DCUN1D4	96	41	-1.4755818688211169	0.32269
DDB2	96	69	-4.960307825348826	0.02122
DDIT4	96	35	-13.644353347501543	0.00013
DDR1	96	25	-0.17997219866302416	0.48427
DDX10	96	49	-7.581943992812629	0.00553
DDX42	96	50	0.3387955175734653	0.54494
DECR1	96	28	-1.1247551975958874	0.37993
DENND2D	96	44	-1.8348287006376318	0.27371
DERA	96	29	-0.16611855899471492	0.48335
DFFA	96	59	-3.6734170035876508	0.08293
DFFB	96	41	-6.846547654215312	0.01857
DHDDS	96	61	0.2561530554189847	0.53872
DHRS7	96	48	-0.40194672807376036	0.44479
DHX29	96	60	-5.818077058497119	0.01322
DLD	96	45	-9.607438057984046	0.00148
DMTF1	96	50	3.208765417914509	0.86671
DNAJA3	96	31	-0.3852143069923521	0.45836
DNAJB1	96	48	-0.4667740661140782	0.43601
DNAJB2	96	28	-1.9101197493162299	0.30381
DNAJB6	96	47	0.5652151581503629	0.57575
DNAJC15	96	52	-0.43400751820690836	0.43742
DNM1	96	30	-7.154423862573954	0.03205
DNM1L	96	44	-20.528135979553557	1e-05
DNMT1	96	67	-9.41438408482004	0.00013
DNMT3A	96	40	0.4408185884907295	0.55599
DNTTIP2	96	37	-2.7377829400249243	0.20391
DPH2	96	61	-16.504696094871843	1e-05
DRAP1	96	69	-12.163171181140633	1e-05
DSG2	96	48	-5.082750662185418	0.04419
DUSP11	96	45	2.605836178141335	0.8066
DUSP14	96	66	-3.214332771854481	0.09893
DUSP22	96	33	-2.8868551007261907	0.20569
DUSP3	96	59	-3.7623109694569465	0.07791
DUSP4	96	52	-11.060701580033289	0.00012
DUSP6	96	40	-2.272876915561202	0.24004
DYNLT3	96	45	0.9247606652694671	0.62354
DYRK3	96	48	2.6182345453008593	0.81399
E2F2	96	65	1.544261277545813	0.72871
EAPP	96	60	0.4285578873727474	0.56644
EBNA1BP2	96	74	-16.900196909469	1e-05
EBP	96	71	-12.663230068358802	1e-05
ECD	96	58	-7.5857004457635835	0.00269
ECH1	96	29	0.2531695309931086	0.52718
EDEM1	96	30	-2.3722948094481553	0.25912
EDN1	96	41	0.7833332729973974	0.59814
EED	96	54	-16.337471133364573	1e-05
EGF	96	53	-3.2786287687198303	0.12112
EGFR	96	33	2.505293117566919	0.76094
EGR1	96	66	-8.752809217778502	0.00031
EIF4EBP1	96	51	-5.921628399981934	0.02048
EIF4G1	96	60	-9.482698944527792	0.00024
EIF5	96	59	-1.3686926244817623	0.30336
ELAC2	96	51	-8.37466017374581	0.00216
ELAVL1	96	69	-9.945982636932339	5e-05
ELOVL6	96	72	-12.4771754040606	1e-05
EML3	96	35	2.017711561006503	0.72251
ENOPH1	96	69	-7.018727502967039	0.00228
ENOSF1	96	52	-0.8146086097996289	0.38581
EPB41L2	96	47	1.8304165028813018	0.73065
EPHA3	96	56	0.5957392921511069	0.58787
EPHB2	96	62	-7.326401613909035	0.00271
EPN2	96	39	-0.8094176722646929	0.40169
EPRS	96	31	2.303918964397312	0.73946
ERBB2	96	29	-0.6957635437139172	0.42681
ERBB3	96	24	-1.893190184176415	0.32093
ERO1L	96	52	-3.8392761430370648	0.08824
ETFB	96	39	1.699406109796281	0.69974
ETS1	96	58	1.9237605498857056	0.76303
ETV1	96	57	-0.3049764756297615	0.45654
EVL	96	60	-8.11669276550075	0.00128
EXOSC4	96	52	-9.58720383257038	0.00053
EXT1	96	44	-1.0489841746547341	0.36551
EZH2	96	59	-9.093845772265313	0.00048
FAH	96	63	-15.736114646587854	1e-05
FAIM	96	68	0.3603497755492696	0.55598
FAM20B	96	60	-10.842629981180744	1e-05
FAM57A	96	72	-14.809070798570342	1e-05
FAM63A	96	29	1.5303779122438121	0.66047
FAM69A	96	30	3.4457012333994026	0.8205
FAS	96	64	-4.001653387646959	0.05648
FASTKD5	96	41	-2.924545534049414	0.1805
FAT1	96	67	-12.336961041876279	1e-05
FBXL12	96	57	-1.281300907953738	0.31797
FBXO11	96	73	-10.390236330340075	3e-05
FBXO21	96	47	0.0968652903627291	0.51442
FBXO7	96	42	-1.0828393665183083	0.36403
FCHO1	96	64	-5.909121228903066	0.01058
FDFT1	96	44	-9.36152270542299	0.00166
FEZ2	96	53	-5.692226985299984	0.02282
FGFR2	96	35	-0.5139842017636835	0.44232
FGFR4	96	61	-8.109992705906242	0.00112
FHL2	96	50	-2.1879118227778163	0.22257
FIS1	96	43	-2.736809481751644	0.18791
FKBP14	96	56	-12.038249303320184	1e-05
FKBP4	96	30	0.7843665786734564	0.58501
FOS	96	54	-0.7828180601266572	0.38827
FOSL1	96	72	-12.525021612909486	1e-05
FOXJ3	96	43	-5.796933866250108	0.03308
FOXO3	96	36	-1.0397300347267309	0.37717
FOXO4	96	24	-5.4492919307223575	0.09891
FPGS	96	42	-13.346152091260507	3e-05
FRS2	96	47	1.5627054816939077	0.69991
FSD1	96	57	-2.527109526417881	0.17528
FUT1	96	43	-0.38780421203529275	0.45045
FYN	96	73	-7.132589290343969	0.00156
FZD1	96	39	2.426850921386557	0.77184
FZD7	96	48	-1.7082136625623352	0.28122
G3BP1	96	67	-10.764629697360371	2e-05
GAA	96	23	0.9223758405623773	0.588
GABPB1	96	70	-10.330472263333068	5e-05
GADD45A	96	63	-4.4408908585993085	0.04117
GADD45B	96	40	-1.5118852725273189	0.31998
GALE	96	67	-13.343848900532306	1e-05
GAPDH	96	44	-2.995665873269191	0.16509
GATA2	96	44	6.483873519970069	0.98038
GATA3	96	48	-3.86825319115864	0.09595
GDPD5	96	34	-1.1224140059610188	0.37478
GFOD1	96	64	-9.36995901415282	0.00011
GFPT1	96	46	-12.856967394407652	3e-05
GHR	96	57	-2.105705832793084	0.21883
GLI2	96	64	1.870307730463095	0.76837
GLOD4	96	41	-0.09248997953166331	0.4883
GLRX	96	28	7.022373419866704	0.95936
GMNN	96	59	-3.502341035926057	0.09343
GNA11	96	61	-9.334696133617713	0.00025
GNA15	96	49	1.4656543922076049	0.69264
GNAI1	96	71	-0.32313708855589907	0.44724
GNAI2	96	54	-3.7721169697285206	0.08735
GNAS	96	19	5.218470947043048	0.86433
GNB5	96	53	-11.188061288152253	6e-05
GNPDA1	96	30	-0.30568378214132763	0.46742
GOLT1B	96	40	3.501932263070748	0.86169
GPATCH8	96	53	-2.5752822622675087	0.17865
GPC1	96	36	-3.174151587793011	0.17341
GPER	96	55	-1.6878443318712388	0.26793
GPR56	96	59	-3.0330606606761963	0.12569
GRB10	96	67	-6.206579549242281	0.00712
GRB7	96	37	0.857525019932028	0.60386
GRN	96	27	-1.4752863441779447	0.35273
GRWD1	96	47	-12.597533280073133	4e-05
GSTM2	96	59	2.238908653240743	0.80181
GSTZ1	96	34	2.2671160156344534	0.74473
GTF2A2	96	72	-9.679770382285719	2e-05
GTF2E2	96	56	-4.926313025457776	0.03721
GTPBP8	96	45	-5.0455560212762665	0.05006
H2AFV	96	42	-2.0666066977688775	0.2544
HADH	96	62	-8.797397071592378	0.00044
HAT1	96	57	-4.960009062899071	0.0348
HDAC2	96	67	-11.230547455154506	1e-05
HDAC6	96	35	-3.7421357921419145	0.14047
HDGFRP3	96	65	0.38322002160580304	0.55897
HEATR1	96	62	-0.43325050356815303	0.43216
HEBP1	96	57	-2.2947308397843633	0.19905
HERC6	96	39	-5.937366280798563	0.03704
HERPUD1	96	46	-4.581775997095458	0.06574
HES1	96	55	-4.433386035931217	0.0538
HIF1A	96	64	-13.49338830719506	1e-05
HIST1H2BK	96	30	1.4204264706757392	0.65033
HIST2H2BE	96	29	1.4966209890498667	0.65709
HK1	96	50	-10.969288090200125	0.00014
HLA-DMA	96	40	-7.402300510255832	0.01293
HLA-DRA	96	45	-7.840906114109758	0.0062
HMG20B	96	28	-6.158200659643598	0.05898
HMGA2	96	57	-0.12798342004368965	0.48275
HMGCR	96	41	1.4826506690466204	0.68018
HMGCS1	96	37	-7.836132491330822	0.01207
HMOX1	96	24	-0.16730862053038134	0.48493
HN1L	96	72	-7.69415698841714	0.00066
HOMER2	96	67	-9.883459510647812	7e-05
HOOK2	96	44	2.9600740177065035	0.83293
HOXA10	96	69	-4.74358585988707	0.02597
HOXA5	96	51	-2.582918681464266	0.18133
HPRT1	96	74	-11.4722782962476	1e-05
HS2ST1	96	60	-2.8609234193867237	0.13921
HSD17B10	96	64	-10.766285463349465	2e-05
HSD17B11	96	39	2.088151552095401	0.73962
HSPA1A	96	26	-3.0988123898257465	0.21605
HSPA4	96	48	-3.9126684950712547	0.09366
HSPA8	96	58	-14.929426820773376	1e-05
HSPB1	96	30	-5.389729208501039	0.07762
HSPD1	96	64	-17.405223915034114	1e-05
HTATSF1	96	44	-7.809630154604409	0.00723
HTRA1	96	44	2.4510277843239447	0.78787
HYOU1	96	52	-4.116636291001888	0.07449
IARS2	96	34	-9.194939030413895	0.00682
ICAM1	96	55	1.9706706266671266	0.76133
ICAM3	96	60	-12.222393206770768	1e-05
ICMT	96	55	-11.181454625830652	7e-05
ID2	96	53	-1.0603234195803233	0.35172
IDE	96	61	-6.966356568047508	0.00433
IER3	96	54	-12.09891989172456	4e-05
IFNAR1	96	41	0.738574148757227	0.59272
IFRD2	96	66	-11.077801078768509	1e-05
IGF1R	96	52	-4.7557281182369024	0.04797
IGF2BP2	96	54	-6.609111520881178	0.00967
IGF2R	96	42	3.2737239897830186	0.84984
IGFBP3	96	43	-0.41334024715035544	0.447
IGHMBP2	96	67	-3.8384336798233405	0.0632
IKBKAP	96	56	-11.179702685508886	3e-05
IKBKB	96	23	-5.452386541116002	0.10425
IKBKE	96	78	-10.11737850174552	1e-05
IKZF1	96	62	0.9730565125388251	0.64734
IL13RA1	96	47	3.5533786065852624	0.88327
IL1B	96	38	-1.455025504567214	0.33009
IL4R	96	55	-4.082366366617785	0.06933
ILK	96	33	-0.6624954751840106	0.42349
INPP1	96	54	-10.395933685708632	0.0002
INPP4B	96	43	-8.913746314860727	0.00305
INSIG1	96	40	1.032009653463566	0.62615
INTS3	96	55	-0.8832128573120313	0.37264
IPO13	96	47	-0.3874943006242307	0.44917
IQGAP1	96	42	-3.5602880033434943	0.12988
ISOC1	96	47	0.01982570903070974	0.50388
ITFG1	96	15	0.48787756705876045	0.54073
ITGAE	96	53	-5.585011263760246	0.02473
ITGB1BP1	96	51	-9.789953936576646	0.00045
ITGB5	96	42	-5.385577601077778	0.04608
JMJD6	96	34	3.1324627187110172	0.81608
JUN	96	66	-3.6189840176467105	0.07358
KAT6A	96	51	-0.40348030119012707	0.44206
KAT6B	96	55	-2.8623041995618297	0.14738
KCNK1	96	36	-3.245976984247552	0.16837
KCTD5	96	60	-13.594774745954798	1e-05
KDELR2	96	50	-14.210793484173012	2e-05
KDM3A	96	25	0.7022389405249506	0.57218
KDM5A	96	26	-1.6067974142538142	0.33973
KDM5B	96	40	-0.9973527220668925	0.37929
KEAP1	96	29	-2.9497429856057304	0.2176
KIAA0100	96	57	-10.169472029995275	0.00014
KIAA0196	96	36	-0.3821753000576597	0.45174
KIAA0355	96	60	-2.6079331926516285	0.16068
KIAA0494	96	20	0.15111514704573822	0.51377
KIAA0528	96	42	0.07627926273055612	0.51143
KIAA0753	96	37	-3.731251228388508	0.13259
KIAA0907	96	35	1.6219121804728258	0.68222
KIAA1033	96	32	1.7592613809308526	0.68631
KIAA1279	96	45	-1.839148540892555	0.27274
KIF14	96	54	3.771528809488521	0.91299
KIF20A	96	37	4.795820265050442	0.92187
KIF2C	96	58	-5.835229319865538	0.0155
KIF5C	96	60	1.5859716070790781	0.72848
KIT	96	49	0.5106343914526466	0.5705
KLHDC2	96	19	-0.17499245827441998	0.48374
KLHL21	96	46	-0.9295478447292826	0.37734
KLHL9	96	55	-4.577892882372834	0.04871
KTN1	96	24	-0.9096039702049137	0.41168
LAGE3	96	56	-15.447044393482562	1e-05
LAMA3	96	54	-4.811410282040607	0.04175
LAP3	96	35	-4.879456805230844	0.08113
LBR	96	72	-11.150640573524871	1e-05
LGALS8	96	34	0.5485956654879222	0.56591
LGMN	96	41	-1.899736592367126	0.2755
LIG1	96	60	-8.900878306394496	0.00045
LIPA	96	66	-13.92092252140008	1e-05
LOXL1	96	50	-8.708093190048995	0.00179
LPAR2	96	24	3.3244315343259614	0.79083
LPGAT1	96	49	-14.283254912490506	1e-05
LRP10	96	22	-0.5873510199048287	0.4466
LRPAP1	96	36	-0.5281514693383993	0.43538
LRRC16A	96	45	-3.7727242549531756	0.10831
LRRC41	96	35	3.3537128715524296	0.83498
LSM5	96	35	14.644870306764773	0.99996
LSM6	96	64	-10.820142070416562	2e-05
LSR	96	43	1.4480229698206353	0.67995
LYN	96	62	-6.433542825555194	0.00691
LYPLA1	96	46	-6.562116166511109	0.01654
LYRM1	96	62	3.7779030939576366	0.92583
MACF1	96	36	-4.2085270368755205	0.10847
MALT1	96	60	-6.925525027527784	0.00448
MAMLD1	96	67	-12.184451492848904	1e-05
MAN2B1	96	23	-0.25192873476219585	0.47795
MAP2K5	96	37	-5.865566676285371	0.04298
MAP3K4	96	67	-8.19032445592125	0.0007
MAP4K4	96	63	-8.416889356470131	0.00058
MAP7	96	60	-4.841018637793135	0.03245
MAPK13	96	54	-8.3363064760749	0.00169
MAPK1IP1L	96	52	-0.41448802474028396	0.44056
MAPK9	96	53	3.9330752777506977	0.9181
MAPKAPK2	96	46	5.000768283556422	0.95019
MAPKAPK3	96	68	-14.15509806196371	1e-05
MAPKAPK5	96	29	-5.656750724922046	0.07261
MAST2	96	76	-9.85352768906775	1e-05
MAT2A	96	61	-4.2982462720590755	0.05045
MBNL1	96	59	-6.870542882893013	0.00518
MBNL2	96	32	-5.705323841054357	0.05983
MBOAT7	96	38	4.53469470494161	0.9119
MBTPS1	96	24	-2.815862390728335	0.24641
MCM3	96	76	-14.48394459417841	1e-05
MCOLN1	96	58	0.4142084622295969	0.56053
ME2	96	71	-12.146793600411097	1e-05
MEF2C	96	48	-1.223251241501647	0.33848
MELK	96	65	-8.98721888392735	0.00016
MEST	96	38	4.288783572206789	0.90035
METRN	96	49	-3.0582179940501066	0.14833
MFSD10	96	49	-6.0704360804056625	0.02031
MICALL1	96	41	-0.6611410152916467	0.41712
MIF	96	53	-11.834026601772717	2e-05
MKNK1	96	18	-4.7572383946666665	0.16334
MLEC	96	39	-16.08392726271031	2e-05
MLLT11	96	56	-12.067300266653588	1e-05
MMP1	96	62	0.7940724026837159	0.62097
MMP2	96	37	0.9000125933870613	0.60865
MNAT1	96	70	-12.135543217391403	1e-05
MOK	96	56	-4.65611822800918	0.04575
MPZL1	96	51	-4.333546187979752	0.06568
MRPL12	96	65	-14.62999372831496	1e-05
MRPL19	96	73	-10.082294017609307	5e-05
MRPS16	96	48	-5.486043424575949	0.03352
MRPS2	96	65	-8.196576071398644	0.00057
MSH6	96	70	-10.214752088363724	5e-05
MSRA	96	58	-6.525007313018858	0.00788
MTA1	96	48	-4.831518151520971	0.05249
MTERFD1	96	40	-0.6797623678581804	0.41714
MTF2	96	67	-6.977426633120256	0.00285
MTFR1	96	50	-0.47761198606667743	0.43363
MTHFD2	96	50	-14.443713830019162	2e-05
MUC1	96	40	-5.484718197794424	0.04657
MVP	96	29	-0.49696680191782994	0.44773
MYBL2	96	76	-14.100031674087637	1e-05
MYC	96	53	-1.9189864669957126	0.24641
MYCBP	96	51	-13.068032466618023	2e-05
MYCBP2	96	51	2.1583880769679946	0.77412
MYL9	96	49	-8.114343990856312	0.00354
MYLK	96	59	1.3841100667818544	0.70011
MYO10	96	45	-1.5630075143263815	0.30385
NARFL	96	49	-0.9848190236941152	0.36648
NCAPD2	96	34	1.9142350150915048	0.71133
NCK1	96	38	-7.003550250008695	0.02048
NCK2	96	29	1.661014487242579	0.67286
NCOA3	96	15	-2.0234090559206908	0.34458
NENF	96	42	0.9865668161495158	0.62494
NET1	96	33	-6.04665229666107	0.04729
NFATC3	96	63	6.85552026665439	0.99594
NFATC4	96	41	1.679696272658779	0.70206
NFE2L2	96	25	-1.0823594412256323	0.39481
NFIL3	96	41	-13.627136703618524	6e-05
NFKB2	96	53	1.1433866275398978	0.65786
NFKBIA	96	20	-4.527890764297665	0.16224
NFKBIB	96	63	-7.498590055150557	0.00166
NFKBIE	96	66	2.491369193647154	0.83986
NGRN	96	59	-10.140608411157837	0.00012
NIPSNAP1	96	30	-6.890213899537526	0.03692
NISCH	96	34	0.7739053766273829	0.5909
NIT1	96	30	-1.4762134132064773	0.34286
NMT1	96	51	0.7604488404603942	0.60443
NNT	96	48	-4.74490583881584	0.05582
NOL3	96	53	-3.2611868470419125	0.12236
NOLC1	96	77	-15.473953451384372	1e-05
NOS3	96	55	1.4289760893936188	0.69521
NOSIP	96	53	-0.6387504654657941	0.4081
NOTCH1	96	53	2.7482016300624896	0.83427
NPC1	96	46	-0.515524686799756	0.43103
NPDC1	96	19	-2.769207068521279	0.273
NPEPL1	96	37	0.16826212997356066	0.52168
NPRL2	96	55	-1.027059472010235	0.35302
NR1H2	96	38	-2.9488485207901607	0.18684
NR2F6	96	34	4.165138397360081	0.88203
NR3C1	96	69	-2.6463258861602434	0.13865
NRAS	96	65	-9.89538583492059	5e-05
NRIP1	96	57	-11.272912039096258	5e-05
NSDHL	96	45	1.3372632397033524	0.67432
NT5DC2	96	38	3.7331009639972064	0.86984
NUCB2	96	46	-7.36296493931766	0.00875
NUDCD3	96	53	-6.547605536591796	0.01095
NUDT9	96	41	2.4611798903953557	0.7803
NUP133	96	45	4.167105612027041	0.91327
NUP62	96	64	-7.124741724999557	0.00263
NUP85	96	48	-3.294579934807879	0.13331
NUP88	96	67	-13.55392278443996	1e-05
NUP93	96	69	-14.642590142451624	1e-05
NUSAP1	96	42	5.534659476267336	0.95763
NVL	96	45	-1.1088695844071157	0.35903
ORC1	96	48	0.45536224466862346	0.56023
OXA1L	96	25	3.9730273088118775	0.83437
OXCT1	96	63	-9.784961688845092	0.0001
OXSR1	96	56	-13.2123318959418	1e-05
P4HA2	96	50	-4.629821918258873	0.05463
P4HTM	96	22	2.47964055892023	0.72158
PACSIN3	96	54	-1.9838001708643755	0.23634
PAF1	96	50	-2.5108995375118286	0.19149
PAFAH1B1	96	43	1.3531780509367224	0.66873
PAFAH1B3	96	63	-10.03355921469158	8e-05
PAICS	96	69	-13.568014722049657	1e-05
PAK1	96	67	-6.774088295138035	0.00361
PAK4	96	58	-6.610000321996298	0.00725
PAK6	96	43	-3.5580617244408597	0.12593
PAN2	96	37	-0.828571826147677	0.40232
PAPD7	96	28	1.158218166611243	0.61876
PARP1	96	61	-9.700811953631472	0.00015
PARP2	96	60	-8.783220943895994	0.00055
PAX8	96	68	-0.2263229559103289	0.46255
PCBD1	96	40	-7.060677717745517	0.0164
PCCB	96	37	-14.026687304774683	0.00011
PCK2	96	35	1.2672817219861414	0.64534
PCM1	96	52	-0.736390581228706	0.39627
PCMT1	96	63	-7.330416149229558	0.00207
PCNA	96	40	-0.9668506346137068	0.38301
PDGFA	96	51	-6.3712734411832	0.01426
PDHX	96	38	8.419416905143494	0.99259
PDIA5	96	63	-0.23671708590725576	0.46252
PDLIM1	96	43	-0.31975309915193484	0.45901
PDS5A	96	43	-5.326863309712251	0.04494
PECR	96	58	-3.0013216223994674	0.12947
PEX11A	96	49	-6.900754707517573	0.01042
PFKL	96	58	-3.394172592965581	0.10178
PGAM1	96	44	-10.934731205702974	0.00038
PGM1	96	39	-21.42213682056816	1e-05
PGRMC1	96	52	-7.780690967715989	0.00371
PHF15	96	51	-0.2683534735710379	0.46077
PHGDH	96	50	-13.817174206685115	2e-05
PHKA1	96	55	-5.793464343312238	0.01877
PHKB	96	25	-0.27166362011000617	0.47536
PHKG2	96	71	-4.8566894458908445	0.02239
PIGB	96	50	0.766344096432366	0.60445
PIH1D1	96	51	-3.3670319220887692	0.11853
PIK3C2B	96	32	-17.58758397825276	1e-05
PIK3C3	96	26	-3.4785333475093028	0.19012
PIK3CA	96	33	1.3648451465687144	0.65118
PIK3R3	96	37	-6.21327640990451	0.03539
PIK3R4	96	48	-10.001880904754518	0.00064
PIN1	96	44	-3.416556113074875	0.13417
PIP4K2B	96	52	-3.2577473307745253	0.12594
PKIG	96	44	-1.3849819444602536	0.32508
PLA2G15	96	30	-8.928464656135382	0.01155
PLA2G4A	96	36	6.438219899454795	0.96698
PLCB3	96	42	-4.531447450112333	0.07636
PLEKHJ1	96	71	-0.48544449100796677	0.42114
PLEKHM1	96	37	1.4400876783104775	0.67018
PLK1	96	46	0.5406218674278753	0.5714
PLOD3	96	64	-11.455066263271537	2e-05
PLP2	96	56	-2.383797603341868	0.19021
PLS1	96	42	-4.626304057436398	0.07181
PLSCR1	96	49	-4.98435205331102	0.04524
PLSCR3	96	53	-0.19617509921744425	0.46946
PMAIP1	96	37	-4.435165842756746	0.09405
PMM2	96	34	-3.9479255964238913	0.1303
PNKP	96	38	-8.100194588147847	0.00933
PNP	96	71	-19.714056352829925	1e-05
POLB	96	63	-2.48612785149986	0.16584
POLD4	96	31	-2.005946425195926	0.28879
POLE2	96	67	-9.188824524310112	0.00016
POLG2	96	58	-3.8604727883476917	0.07358
POLR1C	96	61	-8.092681680947534	0.00113
POLR2I	96	59	0.1823508493024298	0.52826
POLR2K	96	49	-4.407025204440248	0.06605
POP4	96	59	-17.485926257768867	1e-05
PPARD	96	32	-4.153675788138741	0.12406
PPARG	96	65	-14.91822451581394	1e-05
PPIC	96	55	-8.503943125164923	0.00152
PPIE	96	56	-4.10897918732006	0.06799
PPOX	96	42	2.6631781414593587	0.80188
PPP1R13B	96	46	3.9731259893349513	0.90713
PPP2R3C	96	52	-9.590900072679036	0.00052
PPP2R5A	96	31	-1.1506160568589439	0.37434
PPP2R5E	96	44	-4.554465617268328	0.07156
PRAF2	96	52	-9.251259630140995	0.00076
PRCP	96	37	-9.971385280886956	0.00232
PRKACA	96	31	-2.2623334861389885	0.26628
PRKAG2	96	70	-3.6938139037544264	0.06373
PRKCD	96	37	-4.9816973152434505	0.06978
PRKCH	96	60	-8.344167447210676	0.00099
PRKCQ	96	58	0.17749154022670957	0.52563
PRKX	96	46	0.4717381784454435	0.56296
PROS1	96	46	-1.5012685640101158	0.30708
PRPF4	96	63	-10.608347375108591	3e-05
PRR15L	96	50	1.2770872050404811	0.67262
PRR7	96	62	-11.675630191197024	2e-05
PRSS23	96	63	-5.273176088022476	0.02075
PRUNE	96	51	-0.7833508110851186	0.39028
PSIP1	96	51	-1.986808328443901	0.24052
PSMB10	96	27	1.279566115438326	0.63053
PSMB8	96	32	0.4949650754617566	0.55384
PSMD10	96	45	-4.595035620017583	0.06671
PSMD2	96	46	-15.388259023765132	1e-05
PSMD4	96	38	-2.695941399516283	0.20781
PSMD9	96	32	1.3405975028298358	0.6441
PSME1	96	26	0.07941047181820474	0.50728
PSME2	96	43	-4.940436869438849	0.05749
PSMF1	96	48	-2.2930854517830848	0.21868
PSMG1	96	62	-15.49735953175772	1e-05
PSRC1	96	56	-5.532470095010837	0.02331
PTGS2	96	60	-0.6168224251962804	0.40787
PTK2	96	49	5.355983434902968	0.96514
PTK2B	96	48	0.5948297626431257	0.57872
PTPLAD1	96	59	0.5016100485908491	0.57629
PTPN1	96	60	-0.2643426550291506	0.45979
PTPN12	96	36	-5.385237133651798	0.05851
PTPN6	96	25	-0.5343903738197296	0.4494
PTPRC	96	49	0.8611133260433039	0.61676
PTPRF	96	34	0.2993212326489038	0.5378
PTPRK	96	27	-3.425428076261761	0.19136
PUF60	96	40	3.236230454232429	0.84247
PWP1	96	46	1.7365903650100656	0.71902
PXMP2	96	80	-7.444511129506641	0.00037
PXN	96	46	-4.5881538609259955	0.0654
PYCR1	96	65	-13.280541815739438	1e-05
PYGL	96	50	3.7488280897115485	0.90119
RAB11FIP2	96	50	-1.795098973106544	0.26557
RAB21	96	43	1.9588187646773307	0.7368
RAB27A	96	48	-1.8328119610222167	0.26618
RAB31	96	20	-1.8581023063055537	0.33761
RAB4A	96	40	-0.3298418779555593	0.46075
RAC2	96	44	-5.996204046603465	0.0283
RAD51C	96	62	-6.2883835111519994	0.00807
RAD9A	96	45	-3.8546525025112826	0.10367
RAE1	96	67	-14.418401633265535	1e-05
RAI14	96	55	-1.44978960926987	0.29709
RALA	96	60	-4.0380291997498965	0.06282
RALB	96	65	-18.290247230380356	1e-05
RALGDS	96	22	-0.2948629416152218	0.47428
RAP1GAP	96	23	-4.650977448075122	0.13876
RASA1	96	44	0.5767945534601425	0.57399
RB1	96	41	3.070994357855736	0.83117
RBKS	96	38	0.5329153676954421	0.56429
RBM15B	96	50	1.2514023856403955	0.66962
RBM34	96	37	9.559740745791506	0.9967
RBM6	96	31	1.7076129021992517	0.68505
REEP5	96	48	-0.7599122054649737	0.39764
RELB	96	46	1.0806439609059169	0.6414
RFC2	96	68	-10.228919473121001	3e-05
RFC5	96	64	-9.349819748689276	0.00011
RFNG	96	35	3.8084680434254663	0.86365
RFX5	96	45	-9.938905012511935	0.00108
RGS2	96	60	-0.4395981602407595	0.4335
RHEB	96	39	0.10612305105967638	0.51405
RHOA	96	53	-8.632884904695679	0.00137
RNF167	96	36	5.380817524354115	0.94017
RNH1	96	31	-1.1427138923302993	0.3752
RNMT	96	38	4.342962547937062	0.90282
RNPS1	96	69	-11.668849289735494	1e-05
RPA1	96	60	-13.433938979667355	1e-05
RPA2	96	67	-10.973954655682247	1e-05
RPA3	96	56	-7.056615439300769	0.00555
RPIA	96	57	-2.7492509469081017	0.15436
RPL39L	96	60	-6.676198603222059	0.00605
RPN1	96	75	-11.680887896699058	1e-05
RPP38	96	71	-9.092875461650882	0.0001
RPS5	96	53	-7.537521878390231	0.00433
RPS6	96	32	2.382186095010086	0.74655
RPS6KA1	96	43	-9.56321987142157	0.00164
RRAGA	96	43	-5.23861858307579	0.04752
RRP12	96	72	-10.51893417850461	1e-05
RRP1B	96	66	-11.084743568482663	1e-05
RRP8	96	62	-14.4364067817815	1e-05
RRS1	96	55	-20.099176815484093	1e-05
RSU1	96	69	-4.156344753896143	0.0442
RTN2	96	34	-0.7827377127306218	0.41372
RUVBL1	96	73	-16.26098937090833	1e-05
S100A13	96	52	-6.430878260468774	0.01262
S100A4	96	42	0.0540681789422351	0.50861
SACM1L	96	25	-3.6297585470221985	0.1873
SATB1	96	47	3.684407739087802	0.89132
SCAND1	96	31	-3.549306610291788	0.1643
SCARB1	96	44	-4.198812088289361	0.08813
SCCPDH	96	51	2.0428737982196323	0.76212
SCP2	96	38	-5.511799932195381	0.05103
SCRN1	96	42	-1.710774568045314	0.29278
SCYL3	96	53	-3.6861777773401956	0.09567
SDHB	96	54	-11.938049901019918	4e-05
SENP6	96	36	-1.269802647608221	0.35215
SERPINE1	96	58	-1.4458529410939964	0.29259
SESN1	96	49	-5.273044679753161	0.03674
SFN	96	47	-22.886215845725932	1e-05
SGCB	96	77	1.4440743564375311	0.73284
SH3BP5	96	38	-12.778773791269304	0.00019
SHB	96	43	2.94514842216873	0.82873
SHC1	96	49	-4.421681033435234	0.06538
SIRT3	96	68	-0.06418727541317713	0.488
SKIV2L	96	41	-9.28933117030493	0.00242
SKP1	96	47	-4.9452359154047265	0.0505
SLC11A2	96	27	-8.69152634973344	0.01801
SLC1A4	96	65	-12.596384856037613	1e-05
SLC25A13	96	46	-5.282685854093169	0.04143
SLC25A14	96	40	-5.481738243627556	0.0467
SLC25A4	96	43	-5.301683539438758	0.04596
SLC25A46	96	43	-4.145258002820893	0.09223
SLC27A3	96	38	5.9641633294047915	0.96101
SLC2A6	96	47	-6.867418034450177	0.01226
SLC35A1	96	33	2.3047459349844193	0.74321
SLC35A3	96	43	-3.1381784945043703	0.15629
SLC35B1	96	60	-12.594922521884394	1e-05
SLC35F2	96	64	-4.840622317500742	0.02857
SLC37A4	96	62	-8.53565975286279	0.0006
SLC5A6	96	39	10.909287956756021	0.9991
SMAD3	96	57	-6.046300775451432	0.01352
SMARCA4	96	54	-4.512395127349514	0.05234
SMARCC1	96	49	6.429602318153427	0.98485
SMARCD2	96	40	-3.029882189946023	0.17353
SMC1A	96	53	1.0496750255547067	0.64553
SMC3	96	54	0.6707984856639636	0.59538
SMC4	96	73	-6.519670667280997	0.00342
SMNDC1	96	53	-2.7506217823097585	0.16251
SNAP25	96	57	2.3561446056289665	0.80976
SNCA	96	23	6.4599594456018075	0.92932
SNX11	96	59	-10.220443250167069	0.0001
SNX13	96	41	1.816174525637888	0.71644
SNX6	96	38	-2.375275113341553	0.23644
SNX7	96	42	0.4056623742401668	0.55326
SOCS2	96	49	-0.4785283113053648	0.43472
SORBS3	96	62	0.3928701865293244	0.56042
SOX2	96	39	2.422638328184512	0.7715
SOX4	96	38	0.971614281924784	0.61663
SPAG4	96	54	-5.659222560241262	0.02128
SPAG7	96	42	-6.991727815927528	0.01525
SPDEF	96	38	1.9087460434616912	0.71805
SPEN	96	48	-1.2189454100686967	0.3389
SPP1	96	61	2.4708801066391075	0.82877
SPR	96	27	3.931106774744491	0.84185
SPRED2	96	53	-7.382071463821475	0.0051
SPTAN1	96	68	-12.345834983391727	1e-05
SPTLC2	96	55	-0.12489757102288206	0.47985
SQRDL	96	41	-4.170188269024798	0.09852
SQSTM1	96	18	-3.9975607967295868	0.20252
SRC	96	67	-5.002186775926693	0.02348
SSBP2	96	63	1.2302100032290666	0.68326
ST3GAL5	96	61	-4.1212300462301865	0.05772
ST6GALNAC2	96	59	-0.8885282604144493	0.36926
ST7	96	61	-9.102122968277419	0.00032
STAMBP	96	67	-5.962766625884486	0.00941
STAP2	96	24	-1.3230982985281854	0.37238
STAT1	96	34	-3.9916981409568892	0.12777
STAT3	96	39	-9.363641819835197	0.00297
STAT5B	96	59	2.584675917453422	0.83627
STK10	96	61	-4.146828085494941	0.05662
STK25	96	50	-2.559509403263001	0.18652
STMN1	96	58	1.7751441869975082	0.74654
STUB1	96	47	2.5784090103483077	0.80608
STX1A	96	42	3.593505456341701	0.87152
STX4	96	34	-1.332654124016698	0.3506
STXBP1	96	54	-3.9112855778400766	0.08014
STXBP2	96	33	-0.52210676256548	0.43882
SUPV3L1	96	37	2.1712069571125405	0.74507
SUV39H1	96	76	-11.799131815482438	1e-05
SUZ12	96	59	-2.321934342063798	0.18996
SYK	96	38	3.765296061719806	0.87155
SYNE2	96	43	0.9441686211256127	0.62122
SYNGR3	96	55	2.290604066369645	0.7958
SYPL1	96	36	3.9473524225341854	0.8754
TARBP1	96	46	0.6681980511590848	0.58829
TATDN2	96	63	-16.07162674636782	1e-05
TBC1D9B	96	51	-3.3196628618270383	0.12178
TBP	96	66	-11.198784964397072	1e-05
TBPL1	96	70	-13.79893575411711	1e-05
TBX2	96	68	-0.7170196474504392	0.38591
TBXA2R	96	69	1.2379583330430948	0.69208
TCEA2	96	30	-0.7127305255073487	0.42237
TCEAL4	96	37	-0.9300013792063121	0.39055
TCERG1	96	69	-9.44743642535638	7e-05
TCFL5	96	42	-3.79410432443134	0.11504
TCTA	96	34	-3.1874910824120963	0.18032
TCTN1	96	45	-5.160933150981025	0.04666
TERF2IP	96	37	0.4518119485497379	0.55588
TERT	96	49	-0.30983647765870315	0.45758
TES	96	48	0.35126364772575447	0.54638
TESK1	96	39	1.1891652103601336	0.64368
TEX10	96	70	-12.113126855067378	1e-05
TFAP2A	96	41	-2.3603384439854636	0.22886
TFDP1	96	71	-12.427395337034373	1e-05
TGFB3	96	42	-1.4040508140873844	0.32723
TGFBR2	96	55	-5.071307753083412	0.03385
THAP11	96	47	-3.7982090999037355	0.10239
TIAM1	96	51	-2.6234279868546264	0.17758
TICAM1	96	53	-2.7051338627384056	0.16651
TIMELESS	96	69	-11.355953726518981	1e-05
TIMM17B	96	59	-1.449307052274198	0.29247
TIMM22	96	56	0.47253845041673875	0.56991
TIMM9	96	62	-3.661705908881542	0.07716
TIMP2	96	43	0.13897956831734348	0.51887
TIPARP	96	32	1.2233990214134882	0.63162
TJP1	96	42	3.474378057455711	0.86349
TLE1	96	24	-3.884541405681553	0.17537
TLK2	96	31	-5.293327015968209	0.07667
TLR4	96	71	1.0890597383236742	0.67567
TM9SF2	96	27	-0.8739923995402015	0.41175
TM9SF3	96	40	5.850406284909299	0.96357
TMCO1	96	50	-0.26064243210914273	0.46302
TMED10	96	33	-11.488979426445473	0.00134
TMEM109	96	66	-13.12743851181279	1e-05
TMEM110	96	51	-5.130596537208696	0.03718
TMEM2	96	38	-15.425058764498967	2e-05
TMEM5	96	70	-10.222806927214222	5e-05
TMEM50A	96	30	0.6707668268579152	0.57369
TMEM97	96	72	-17.074862050141057	1e-05
TNFRSF21	96	36	-0.8593108752393595	0.39724
TNIP1	96	47	-2.802816968457984	0.17292
TOMM34	96	46	-1.3218521482236925	0.32827
TOMM70A	96	54	-9.976751392027433	0.00031
TOP2A	96	46	0.2980573218514101	0.53929
TOPBP1	96	63	-1.9270633680977896	0.22609
TOR1A	96	35	-8.408407844624286	0.01064
TP53	96	58	-9.867987164258812	0.00025
TP53BP1	96	35	-5.1628268114631855	0.07026
TP53BP2	96	45	1.8977848885153445	0.7368
TPD52L2	96	46	-3.038158203980045	0.15497
TPM1	96	78	-12.75554212043049	1e-05
TRAK2	96	25	-1.6359131170598078	0.34184
TRAM2	96	74	-13.103687591674957	1e-05
TRAP1	96	60	-14.570050099880978	1e-05
TRAPPC3	96	43	-5.106539114206107	0.05179
TRAPPC6A	96	23	0.8376143787332143	0.58033
TRIB1	96	46	1.7321081566063161	0.71843
TRIB3	96	38	0.4572973143953184	0.55503
TRIM13	96	50	0.7041378584407859	0.59625
TRIM2	96	28	-5.733032088810572	0.07181
TSC22D3	96	22	0.16176395274629463	0.51721
TSEN2	96	62	-10.40235038324925	3e-05
TSKU	96	36	-10.05685574388576	0.00266
TSPAN3	96	63	-9.245886387629302	0.00019
TSPAN4	96	54	-4.669489534109979	0.04645
TSPAN6	96	56	-2.4782857595860373	0.18074
TSTA3	96	39	6.301505718847626	0.96997
TUBB6	96	70	-10.33611544163577	5e-05
TWF2	96	36	-4.747733034116436	0.08277
TXLNA	96	63	-14.081567789205355	1e-05
TXNDC9	96	58	-9.628862838646743	0.00029
TXNL4B	96	46	-1.261633868434822	0.33596
TXNRD1	96	33	-3.8097964916998897	0.1416
UBE2A	96	34	-0.967488865863843	0.3928
UBE2C	96	57	-2.957286339296798	0.13713
UBE2J1	96	47	0.6089290511418363	0.58148
UBE2L6	96	19	-0.11368594364173444	0.48908
UBE3B	96	53	-2.1716830134618172	0.21895
UBE3C	96	48	-4.996567905957559	0.047
UBQLN2	96	37	3.288470878897033	0.83768
UBR7	96	61	-1.0507760357489198	0.34316
UFM1	96	22	-6.378372706883946	0.07625
UGDH	96	46	-1.6098287081887221	0.29475
USP1	96	67	-11.274634607782316	1e-05
USP14	96	44	-2.2016698485225676	0.23625
USP22	96	46	-2.1070393358291732	0.24043
USP6NL	96	62	-4.240373656123876	0.05033
USP7	96	59	-10.010347348983453	0.00016
UTP14A	96	60	-1.3585610207575205	0.30309
VAPB	96	62	-16.26011996302358	1e-05
VAT1	96	38	1.1739198295649491	0.6397
VAV3	96	34	-2.8836205779930797	0.20319
VDAC1	96	50	-9.695004481680124	0.0006
VGLL4	96	31	-0.9374659442190185	0.39669
VPS28	96	54	-10.945303779941202	0.00013
VPS72	96	48	-0.8270852474273163	0.38871
WASF3	96	52	-11.638194390688291	6e-05
WDR61	96	57	-13.231582230313633	1e-05
WDR67	96	46	0.23392524176595342	0.53016
WDR7	96	44	1.7720510626048815	0.71805
WDTC1	96	28	-1.3425607250190805	0.35774
WFS1	96	48	-0.7916933224417871	0.39314
WIPF2	96	34	2.3785121487247087	0.75449
WRB	96	56	-4.078056412715007	0.06925
XBP1	96	46	-8.146626828941095	0.00424
XPNPEP1	96	72	-7.07930428045013	0.00176
XPO7	96	44	-1.2303901367698897	0.34385
YKT6	96	52	2.536815818445472	0.81498
YME1L1	96	40	3.960932886940257	0.88984
YTHDF1	96	53	-8.31742180470772	0.00197
ZDHHC6	96	66	-2.6265860577922506	0.14581
ZFP36	96	35	-1.0986835358238403	0.37597
ZMIZ1	96	60	-0.6819579233725975	0.39837
ZMYM2	96	39	-2.0358586126617277	0.26488
ZNF131	96	58	-7.701105905956845	0.00233
ZNF274	96	52	-5.406668608087732	0.029
ZNF318	96	48	-2.4081676829100074	0.20831
ZNF395	96	36	2.1941375940086294	0.74246
ZNF451	96	34	-0.192732984944708	0.48163
ZNF586	96	57	-0.8919306190099565	0.37083
ZNF589	96	63	0.3774212713879892	0.55833
ZW10	96	58	-8.857449826867104	0.00071
