	#_of_exp	#_of_exp(fc<0)	EG_score	empirical_pVal
AARS	90	57	-7.913952111583497	0.01929
ABCB6	90	39	-14.669265992259495	0.00117
ABCC5	90	59	-15.396326055984659	4e-05
ABCF1	90	43	-10.908212054490042	0.0075
ABCF3	90	54	-9.385230032248792	0.00891
ABHD4	90	46	-4.311217863388137	0.15377
ABHD6	90	49	0.7503978456483393	0.57462
ABL1	90	57	-5.132599668403265	0.0872
ACAA1	90	32	1.0003703637263641	0.57996
ACAT2	90	42	-15.675811394442519	0.00031
ACBD3	90	40	1.5385788444255968	0.63374
ACD	90	52	0.11575358738050327	0.51145
ACLY	90	63	-11.432782703656635	0.00087
ACOT9	90	37	-10.189273182431995	0.01781
ADAM10	90	56	-14.451814799893237	0.0001
ADAT1	90	51	-2.9815672056761766	0.22809
ADCK3	90	51	-11.646713993185513	0.00239
ADH5	90	36	-1.334125129758015	0.39076
ADI1	90	50	-10.386050110561122	0.00589
ADO	90	59	-10.975340391302272	0.0018
ADRB2	90	56	-8.052172813410959	0.01727
AGL	90	52	-4.0262818400525795	0.15538
AKAP8	90	54	-15.828700324396193	5e-05
AKAP8L	90	45	2.57620523756115	0.72522
AKR7A2	90	34	13.31945232201509	0.99515
AKT1	90	57	-7.85672304461886	0.02004
ALAS1	90	37	4.602175708168251	0.83731
ALDH7A1	90	40	-5.472874302117711	0.11304
ALDOA	90	33	-6.717362982886046	0.09122
ALDOC	90	54	-18.521952867379603	2e-05
AMDHD2	90	42	-2.795695969862373	0.2645
ANKRD10	90	41	-3.371172331599054	0.2235
ANO10	90	62	-2.478667064654953	0.24737
ANXA7	90	51	-13.839064165914614	0.00055
APBB2	90	56	-1.3692383752340707	0.36109
APOE	90	50	-5.322897166472766	0.09446
APP	90	41	-2.6410758958304323	0.27557
APPBP2	90	42	-6.475684995977353	0.07328
ARFIP2	90	26	-3.3815150523691924	0.27438
ARHGAP1	90	43	-4.177429308407124	0.16977
ARHGEF12	90	48	5.757367353007687	0.91974
ARHGEF2	90	37	-18.270847863755723	0.00019
ARID4B	90	45	0.2982804292191264	0.52609
ARID5B	90	52	1.9518319492753595	0.68944
ARL4C	90	35	-0.27692298443810526	0.4771
ARNT2	90	30	5.421391887524576	0.85031
ARPP19	90	51	-17.5285802446705	2e-05
ASAH1	90	31	-5.75259352487957	0.13278
ASCC3	90	54	-19.894657566481875	2e-05
ATF1	90	56	-16.7550845268584	1e-05
ATF5	90	56	-5.681977106115306	0.06812
ATF6	90	40	-8.799813760653334	0.02708
ATG3	90	49	-4.230726968155876	0.15333
ATMIN	90	52	-10.836392911338395	0.00382
ATP11B	90	41	-1.498557109653987	0.36463
ATP1B1	90	50	-12.510206527363128	0.00123
ATP2C1	90	41	-0.7479456649075538	0.43056
ATP5S	90	42	-3.750004381333704	0.19922
ATP6V0B	90	48	-32.78355768103129	1e-05
ATP6V1D	90	38	-5.772536768044046	0.10795
AURKA	90	60	-18.538565908056917	1e-05
AURKB	90	63	-19.464348861518573	1e-05
AXIN1	90	59	-8.17513117530451	0.01474
B3GNT1	90	49	-9.268096374367465	0.01275
BACE2	90	36	-7.033971666226327	0.07305
BAD	90	39	6.885503233074556	0.93139
BAG3	90	43	-27.83310823273047	1e-05
BAMBI	90	31	-13.376789069145646	0.00673
BAX	90	42	-2.887467013677617	0.25745
BCL2	90	56	-10.4000451762756	0.00394
BCL7B	90	54	-15.37253308321698	7e-05
BDH1	90	54	-8.094793337637329	0.02022
BECN1	90	37	0.05725258790032802	0.50771
BHLHE40	90	54	-7.824452294860006	0.02373
BID	90	48	4.308089668767974	0.85324
BIRC2	90	48	-18.766377904888326	3e-05
BIRC5	90	60	-27.435637411524212	1e-05
BLCAP	90	33	-5.451699224623257	0.13821
BLMH	90	54	-10.19379876931777	0.00514
BLVRA	90	47	-1.9859131463263437	0.31556
BMP4	90	50	-0.7776476050078461	0.42332
BNIP3	90	61	-22.897454530781765	1e-05
BNIP3L	90	56	-3.0398453212567054	0.21409
BPHL	90	43	0.9585990079817274	0.5878
BRCA1	90	60	-24.64765450010224	1e-05
BRP44	90	45	-9.463676397112554	0.01453
BTK	90	60	-10.927282188738106	0.00178
BUB1B	90	57	-10.366031330215382	0.00336
BZW2	90	41	3.2545567993129656	0.76506
C2CD2	90	41	-9.157765725769632	0.02169
C2CD2L	90	47	-12.014283268541508	0.00303
C5	90	53	-0.3731971894898477	0.46353
CAB39	90	59	-21.383721942294322	1e-05
CALM3	90	61	1.387869257893162	0.64659
CALU	90	34	1.6589732970278204	0.63303
CAMSAP2	90	38	3.1886365473598555	0.75332
CANT1	90	55	-6.920116303260125	0.03714
CAPN1	90	43	-8.049986734859829	0.03438
CASC3	90	43	0.44312557958402393	0.54121
CASK	90	55	-15.78607427789637	6e-05
CASP10	90	44	5.392497208458838	0.89433
CASP2	90	62	-19.017155093328505	1e-05
CASP3	90	56	-15.095635496788692	5e-05
CASP7	90	54	-12.514370807138455	0.00077
CAST	90	33	-0.4818222172795315	0.46255
CAT	90	45	-3.6576575930015887	0.19402
CBLB	90	37	-4.083343235723234	0.19492
CBR1	90	52	-18.261795969370088	1e-05
CBR3	90	51	-11.829206446479517	0.00217
CCDC85B	90	39	0.6829674401026958	0.55941
CCDC86	90	44	-14.467044368767827	0.00079
CCDC90A	90	61	-9.24209292813764	0.00609
CCDC92	90	38	-1.4783745382043583	0.37215
CCL2	90	52	-7.202286205174986	0.0367
CCNA1	90	62	-6.363946439253106	0.0401
CCNA2	90	60	-26.24166024196024	1e-05
CCNB1	90	46	-20.351872515315854	1e-05
CCNB2	90	43	-14.559054353150437	0.00065
CCND1	90	51	-9.109907142149721	0.01279
CCND3	90	60	-25.92780392702486	1e-05
CCNE2	90	62	-19.3594334795906	1e-05
CCNF	90	63	-24.231284233253398	1e-05
CCNH	90	38	2.9805007632852734	0.73915
CCP110	90	45	-12.881547517240442	0.00184
CD320	90	60	-10.034222666875552	0.00346
CD40	90	39	1.6262718717208196	0.63895
CD44	90	32	-1.5550291781575503	0.37908
CD58	90	39	-9.198792521272473	0.02465
CD97	90	36	-3.8014775889053807	0.21362
CDC20	90	52	-17.779903022549615	1e-05
CDC25A	90	54	-30.310883033498133	1e-05
CDC25B	90	47	-11.055488575362158	0.00546
CDC42	90	53	-8.55834990063427	0.01575
CDC45	90	62	-12.89844954790835	0.00023
CDCA4	90	63	-10.838594156320335	0.00143
CDH3	90	59	-6.129960007666566	0.0513
CDK1	90	63	-23.608584184627247	1e-05
CDK19	90	37	-3.575616570935375	0.22533
CDK2	90	48	-17.63847812189854	3e-05
CDK4	90	41	-16.854077460307018	0.00012
CDK5R1	90	68	-19.842673509438193	1e-05
CDK6	90	60	-18.77168718886401	1e-05
CDK7	90	29	3.9767110631974174	0.77594
CDKN1A	90	30	-7.404409189105757	0.08185
CDKN1B	90	35	-0.24576624775333003	0.47982
CDKN2A	90	43	0.3797195348646417	0.53545
CEBPA	90	47	1.001102759390107	0.59535
CEBPD	90	54	-6.439091772790564	0.04972
CEBPZ	90	54	-18.040573814046365	2e-05
CENPE	90	60	-18.310416508318553	1e-05
CEP57	90	41	1.4752073945674067	0.62797
CERK	90	56	2.0355319125957143	0.70218
CETN3	90	53	-12.985079908511706	0.00073
CFLAR	90	45	-8.592567941994867	0.02377
CGRRF1	90	55	-3.995239246823843	0.1488
CHAC1	90	38	-3.428985924770992	0.22709
CHEK1	90	66	-16.571948497753223	1e-05
CHEK2	90	69	-21.744509922354684	1e-05
CHERP	90	44	-16.060357378630123	0.00027
CHIC2	90	36	-1.3511103553447743	0.38933
CHMP4A	90	30	-2.1670732363376204	0.33895
CHMP6	90	65	-13.852954973756598	6e-05
CHN1	90	38	-3.9060831958577875	0.19778
CHP	90	18	0.35791191616145357	0.52246
CIAPIN1	90	47	-16.568587756701724	0.0001
CIRBP	90	35	-12.529760663863112	0.00654
CISD1	90	53	-2.0738568062923313	0.29982
CLIC4	90	43	-17.58351025814894	0.00011
CLPX	90	57	-16.713873670414703	3e-05
CLSTN1	90	46	-5.831280468413951	0.08461
CLTB	90	37	5.371014710397255	0.87359
CLTC	90	50	-2.375452411510892	0.27795
CNDP2	90	34	0.6133956520524811	0.54977
CNOT4	90	76	-10.152084917591962	0.00088
CNPY3	90	32	-1.2326766028745049	0.4038
COASY	90	55	-27.561724695594155	1e-05
COG2	90	32	3.1298697661807875	0.73384
COG4	90	30	-6.092814568009091	0.12325
COG7	90	29	-1.3686206565130148	0.39758
COL1A1	90	50	-7.631969070711152	0.0312
COL4A1	90	63	-21.13875528874657	1e-05
COPB2	90	45	-7.779941855503241	0.03529
COPS7A	90	30	0.663212094801713	0.55256
CORO1A	90	50	-9.751240846358394	0.00903
CPNE3	90	34	-4.438088543317161	0.18298
CPSF4	90	46	-12.166948056732366	0.0025
CREB1	90	51	5.319672749993055	0.906
CREG1	90	41	-0.7166840756819226	0.43362
CRELD2	90	47	-2.5005372331083384	0.27222
CRK	90	37	-1.4952982914941706	0.37783
CRKL	90	43	-4.22664142804222	0.16692
CRTAP	90	31	-6.194014708210914	0.11546
CRYZ	90	55	-17.904338652733653	1e-05
CSK	90	51	-20.2362509337516	1e-05
CSNK1A1	90	51	-4.200394845814327	0.14834
CSNK1E	90	41	-0.5182373730739631	0.45059
CSNK2A2	90	26	-1.6471914269306447	0.38479
CSRP1	90	30	12.38492788102622	0.98782
CTNNAL1	90	62	-15.703249790559141	1e-05
CTNND1	90	39	5.525456729595875	0.88485
CTSD	90	37	1.1410321589047285	0.59979
CTSL1	90	38	-14.633810747423489	0.00152
CTTN	90	47	-4.662416737926108	0.13282
CXCL2	90	58	-2.0836880557066983	0.29012
CXCR4	90	50	-3.6936087917758873	0.18015
CYB561	90	50	-2.4544808721632596	0.27151
CYCS	90	45	-1.3870129150656223	0.37015
CYTH1	90	63	-14.093125224867054	5e-05
DAG1	90	49	-16.00832306343729	5e-05
DAXX	90	54	-0.992064695817255	0.39765
DCK	90	69	-17.39592521160114	1e-05
DCTD	90	42	-14.453964254232254	0.00091
DCUN1D4	90	46	5.640179342625764	0.90873
DDB2	90	39	-13.042653933435975	0.00329
DDIT4	90	35	-19.88328595349042	7e-05
DDR1	90	45	-6.704764805724465	0.05874
DDX10	90	42	-11.937848103459428	0.0047
DDX42	90	61	-14.167552152574508	9e-05
DECR1	90	27	-4.374100178504653	0.21222
DENND2D	90	51	2.6692109022342683	0.74773
DERA	90	29	-2.5338237321652617	0.3141
DFFA	90	44	2.0955744068948645	0.6881
DFFB	90	43	-2.650707529501227	0.27198
DHDDS	90	55	6.868771042058091	0.96163
DHRS7	90	36	-1.124791114306995	0.40739
DHX29	90	57	-18.313266380925697	1e-05
DLD	90	34	5.7504660113478145	0.87885
DMTF1	90	45	0.15252033125401596	0.51258
DNAJA3	90	24	3.4486625437237297	0.72192
DNAJB1	90	59	-21.847020191330813	1e-05
DNAJB2	90	48	-2.3326224840578083	0.28849
DNAJB6	90	32	4.095783052293155	0.79213
DNAJC15	90	42	-9.809612501110323	0.01523
DNM1	90	47	-18.423804839553824	3e-05
DNM1L	90	21	-0.41220628322465447	0.47509
DNMT1	90	65	-13.900309771354225	5e-05
DNMT3A	90	42	2.0710600378566384	0.68218
DNTTIP2	90	60	-14.529238188444525	3e-05
DPH2	90	50	-15.123740999442427	0.00019
DRAP1	90	36	-15.370942971945707	0.00126
DSG2	90	54	4.456758813203571	0.87565
DUSP11	90	34	2.470883007645537	0.69481
DUSP14	90	36	-9.037113744660564	0.03243
DUSP22	90	53	2.6536835374898646	0.75119
DUSP3	90	48	-17.092375902544994	4e-05
DUSP4	90	33	-16.960222943628985	0.00074
DUSP6	90	45	-17.468097788304796	7e-05
DYNLT3	90	40	-23.168290807227052	1e-05
DYRK3	90	38	-7.218155805660569	0.06247
E2F2	90	54	-5.805181855815387	0.06919
EAPP	90	37	-6.32102359933515	0.09143
EBNA1BP2	90	61	-12.849458393493023	0.00028
EBP	90	57	-20.661512288057963	1e-05
ECD	90	48	-13.104591126197633	0.00098
ECH1	90	30	-9.767326533174447	0.03452
EDEM1	90	34	-8.546172554680343	0.0438
EDN1	90	34	2.6390640283282374	0.70669
EED	90	65	-23.98709533631178	1e-05
EGF	90	51	-8.919196944872777	0.01424
EGFR	90	49	-7.233894430507781	0.0406
EGR1	90	67	-8.654464493480996	0.00627
EIF4EBP1	90	47	-33.97767794010695	1e-05
EIF4G1	90	53	-20.94973819687971	1e-05
EIF5	90	51	-8.197197702843217	0.02173
ELAC2	90	44	1.7829834094917705	0.66231
ELAVL1	90	48	-28.326023281973292	1e-05
ELOVL6	90	49	-29.149816768686748	1e-05
EML3	90	46	-6.770540180528154	0.05604
ENOPH1	90	45	-4.185945006653808	0.16226
ENOSF1	90	59	-7.409886910046395	0.02363
EPB41L2	90	54	-11.635308813878305	0.00175
EPHA3	90	56	-4.683873617142568	0.11029
EPHB2	90	65	-13.563619134490732	7e-05
EPN2	90	37	5.209087060437651	0.86628
EPRS	90	41	-16.936587030910253	0.00011
ERBB2	90	29	-3.345845849989217	0.26152
ERBB3	90	34	-7.865162431938389	0.05739
ERO1L	90	60	-23.569391923887903	1e-05
ETFB	90	36	-4.341784973393463	0.18259
ETS1	90	47	-3.3536920458407145	0.20961
ETV1	90	44	-13.443515658755349	0.00147
EVL	90	61	-1.9870852459295363	0.29256
EXOSC4	90	42	-19.99885506485955	2e-05
EXT1	90	24	-2.6427943481380676	0.31884
EZH2	90	61	-24.336355106330824	1e-05
FAH	90	48	8.808390769298986	0.98259
FAIM	90	50	6.424201205454382	0.94165
FAM20B	90	58	-12.084025472011792	0.00076
FAM57A	90	54	-20.201869374849277	2e-05
FAM63A	90	39	-0.413878377639643	0.46316
FAM69A	90	30	-0.5485033949560586	0.45917
FAS	90	56	-9.642672408473956	0.00637
FASTKD5	90	62	-16.527871117290527	1e-05
FAT1	90	53	-5.296520878800608	0.08923
FBXL12	90	34	3.83348791779389	0.78395
FBXO11	90	71	-22.44520644487847	1e-05
FBXO21	90	35	0.7970724594780563	0.56732
FBXO7	90	37	-0.11756033769482355	0.49306
FCHO1	90	50	2.46234931093857	0.72863
FDFT1	90	42	-11.934311474928432	0.00473
FEZ2	90	57	-5.249971284537339	0.08234
FGFR2	90	50	3.9657802759188043	0.83657
FGFR4	90	47	-6.027221403806239	0.07623
FHL2	90	39	-6.905451652222055	0.06764
FIS1	90	21	0.08064708722690418	0.50668
FKBP14	90	50	-19.970920331112822	1e-05
FKBP4	90	40	1.6437075777272265	0.64248
FOS	90	51	-2.636063832194734	0.25528
FOSL1	90	39	-29.78372568189814	1e-05
FOXJ3	90	49	-16.44228754200814	5e-05
FOXO3	90	36	-6.070918197662881	0.10439
FOXO4	90	38	-1.5767187049362164	0.36421
FPGS	90	36	0.09125903277783257	0.50981
FRS2	90	44	-3.0435461104674393	0.24093
FSD1	90	51	-6.539930846496617	0.05328
FUT1	90	37	3.375614204999515	0.76523
FYN	90	35	-16.32343249187212	0.00076
FZD1	90	36	4.17577435255294	0.811
FZD7	90	54	-23.11865139794381	1e-05
G3BP1	90	43	-8.550656175962471	0.02701
GAA	90	42	-0.8049848740910001	0.42774
GABPB1	90	59	-19.733455888401	1e-05
GADD45A	90	40	-13.61953381144037	0.00185
GADD45B	90	44	-0.3859521058809722	0.46591
GALE	90	21	-3.55269185260164	0.28336
GAPDH	90	48	-18.81935645386593	3e-05
GATA2	90	45	-1.0360297807823835	0.40195
GATA3	90	76	-5.033970768485967	0.06077
GDPD5	90	53	-1.4530220022750302	0.35751
GFOD1	90	64	1.1354297640714552	0.62443
GFPT1	90	48	-18.86697091953426	3e-05
GHR	90	52	-3.19406923890564	0.21017
GLI2	90	60	-5.8098750033140805	0.05822
GLOD4	90	53	-12.10591135351707	0.00143
GLRX	90	31	-5.51155127442894	0.14252
GMNN	90	48	-19.32160326928538	3e-05
GNA11	90	65	-10.131480767292013	0.00231
GNA15	90	47	3.552101210702915	0.80292
GNAI1	90	46	-3.3905155205683566	0.20983
GNAI2	90	50	-7.050741971244855	0.04169
GNAS	90	30	-15.537418591147306	0.00287
GNB5	90	50	-8.98327308149568	0.01452
GNPDA1	90	27	-4.114355167998555	0.22669
GOLT1B	90	42	-11.1988607799208	0.00706
GPATCH8	90	51	-9.878828561920857	0.00801
GPC1	90	42	-12.18208296040947	0.00417
GPER	90	47	-1.4047218975074045	0.36739
GPR56	90	42	-7.4160148057460145	0.04892
GRB10	90	58	-4.126928941859269	0.13469
GRB7	90	35	2.0886177645174553	0.6676
GRN	90	34	-9.860969709464918	0.02551
GRWD1	90	60	-18.971902660866004	1e-05
GSTM2	90	50	-8.63967871157852	0.01761
GSTZ1	90	35	1.1503241792374266	0.59548
GTF2A2	90	54	-23.366433123506052	1e-05
GTF2E2	90	52	-18.016139313629225	1e-05
GTPBP8	90	37	-4.447745705719084	0.17443
H2AFV	90	56	1.4996935324353828	0.65132
HADH	90	69	-18.742051662375477	1e-05
HAT1	90	58	-21.286082812681183	1e-05
HDAC2	90	58	-27.65357522725205	1e-05
HDAC6	90	36	5.472472843662153	0.87486
HDGFRP3	90	70	-16.204619377665104	1e-05
HEATR1	90	37	-3.444864191642085	0.23343
HEBP1	90	34	-2.954832363563227	0.27159
HERC6	90	41	-1.8616989404088007	0.33434
HERPUD1	90	42	4.89633838167342	0.86702
HES1	90	56	-13.729443136115881	0.0002
HIF1A	90	46	1.5195464872309694	0.64286
HIST1H2BK	90	25	-1.1229613158866238	0.4213
HIST2H2BE	90	38	5.349338460240022	0.87455
HK1	90	59	-17.081532576722594	1e-05
HLA-DMA	90	35	4.665610838830772	0.83334
HLA-DRA	90	58	-2.0637242489029735	0.2918
HMG20B	90	20	-4.1421351293780635	0.25591
HMGA2	90	44	-18.4566213358898	3e-05
HMGCR	90	38	-4.080601382718041	0.18761
HMGCS1	90	55	-7.455145724769511	0.02734
HMOX1	90	35	-10.766326173405842	0.0151
HN1L	90	65	-17.628044518020978	1e-05
HOMER2	90	39	-6.16721178812731	0.0897
HOOK2	90	38	-2.707531559130121	0.27646
HOXA10	90	46	4.947510849860133	0.87922
HOXA5	90	56	-2.4313440814050713	0.26283
HPRT1	90	54	-17.983374336780038	2e-05
HS2ST1	90	62	-6.1745342578660525	0.04466
HSD17B10	90	38	-10.059684538917399	0.01746
HSD17B11	90	41	-15.33573993984802	0.00049
HSPA1A	90	62	-24.832791154411446	1e-05
HSPA4	90	52	-6.208568842262698	0.06018
HSPA8	90	50	-15.502856355951176	0.00013
HSPB1	90	54	-18.713272746796058	2e-05
HSPD1	90	60	-14.118030927632917	3e-05
HTATSF1	90	61	-0.745611808642304	0.4176
HTRA1	90	35	5.2719500045552925	0.86161
HYOU1	90	49	-9.118729036478229	0.01404
IARS2	90	39	-2.570855690365381	0.28576
ICAM1	90	34	-5.672715715319951	0.12627
ICAM3	90	51	-5.459307877060905	0.08781
ICMT	90	68	-23.767205320659315	1e-05
ID2	90	54	-9.529816999274384	0.00808
IDE	90	55	-13.487526557677594	0.00031
IER3	90	45	-28.125743486525035	1e-05
IFNAR1	90	39	3.0269846444512494	0.74638
IFRD2	90	34	-15.597644899835213	0.00154
IGF1R	90	35	5.07360649752213	0.85246
IGF2BP2	90	47	-13.08983987583127	0.00141
IGF2R	90	31	-0.30442788729295583	0.47521
IGFBP3	90	50	-19.74257282166637	1e-05
IGHMBP2	90	70	-17.246606308699224	1e-05
IKBKAP	90	42	-6.013393969808824	0.08883
IKBKB	90	42	-2.0948096612865093	0.31846
IKBKE	90	53	-6.313464771231081	0.05467
IKZF1	90	63	-3.5995975601119654	0.16072
IL13RA1	90	41	2.904802108018139	0.74009
IL1B	90	43	2.3839454680824153	0.70869
IL4R	90	48	3.364586724442755	0.79523
ILK	90	44	2.760144406409201	0.74077
INPP1	90	23	-0.8081222450890425	0.44206
INPP4B	90	46	-14.60116595925673	0.00043
INSIG1	90	56	-3.683625843456887	0.16855
INTS3	90	55	0.6312355178017335	0.5634
IPO13	90	45	1.6129493126151426	0.64648
IQGAP1	90	45	0.8049375603391714	0.57427
ISOC1	90	41	-0.21470995429282386	0.47773
ITFG1	90	33	3.866570506084803	0.78219
ITGAE	90	37	-10.030808515340198	0.01932
ITGB1BP1	90	45	-3.9958149663930262	0.17314
ITGB5	90	57	-17.02653028362153	3e-05
JMJD6	90	49	-15.298678930207197	9e-05
JUN	90	36	-4.028461562784084	0.20015
KAT6A	90	55	0.03785607869135359	0.50035
KAT6B	90	65	3.4744517263664068	0.83867
KCNK1	90	60	-10.22323516084756	0.00297
KCTD5	90	64	-18.186323324813017	1e-05
KDELR2	90	55	-23.67881495043489	1e-05
KDM3A	90	43	-6.502835438942173	0.07008
KDM5A	90	46	-0.7874082936948181	0.42647
KDM5B	90	43	-3.833543302390632	0.19014
KEAP1	90	56	-9.3661887914671	0.0077
KIAA0100	90	53	-9.833396726007367	0.00701
KIAA0196	90	34	6.190454930129536	0.89593
KIAA0355	90	53	-16.61812541728657	3e-05
KIAA0494	90	44	1.6161314677293606	0.64822
KIAA0528	90	32	-8.644394122922012	0.04791
KIAA0753	90	38	0.8046751565997903	0.56807
KIAA0907	90	41	-3.293119051500416	0.22856
KIAA1033	90	31	0.07476348242243352	0.50492
KIAA1279	90	47	-15.612036474614754	0.0002
KIF14	90	60	-25.38356961939679	1e-05
KIF20A	90	49	-26.98141513421939	1e-05
KIF2C	90	50	-7.363689663439357	0.03522
KIF5C	90	66	-17.088717112615708	1e-05
KIT	90	59	5.302173665190475	0.92099
KLHDC2	90	28	0.26587484594549815	0.52112
KLHL21	90	45	-12.204795547670045	0.00262
KLHL9	90	41	-7.881832234502416	0.0406
KTN1	90	40	2.526640381584567	0.71273
LAGE3	90	49	-5.472563184080804	0.09363
LAMA3	90	64	-2.028837247513488	0.28324
LAP3	90	33	1.8761109951381376	0.64739
LBR	90	58	-22.750346652092848	1e-05
LGALS8	90	31	1.324149879531847	0.60227
LGMN	90	64	-13.519939100774957	6e-05
LIG1	90	58	-23.143815131625338	1e-05
LIPA	90	35	-2.160336518391208	0.32614
LOXL1	90	62	-4.120799426226673	0.1277
LPAR2	90	21	-6.403611392002983	0.15498
LPGAT1	90	40	-11.363131894208403	0.00694
LRP10	90	33	0.14174209772675314	0.51287
LRPAP1	90	52	-19.42595700040873	1e-05
LRRC16A	90	58	-6.422340004611225	0.04327
LRRC41	90	16	-3.3163062854037526	0.32039
LSM5	90	48	-8.453307440011113	0.02238
LSM6	90	64	-17.261599946132698	1e-05
LSR	90	43	-17.197786249718906	0.00013
LYN	90	62	-12.76691044164081	0.00027
LYPLA1	90	47	-7.465028639525417	0.0387
LYRM1	90	57	-10.251296027721	0.00366
MACF1	90	39	-14.028180055541023	0.00184
MALT1	90	49	-16.65632446010976	4e-05
MAMLD1	90	60	-0.2767655138315821	0.47066
MAN2B1	90	33	-1.3503670172158313	0.39173
MAP2K5	90	37	-2.0111290075342607	0.33718
MAP3K4	90	52	-9.937953937143156	0.00682
MAP4K4	90	56	-8.086184877566891	0.01684
MAP7	90	62	5.744029838428427	0.94309
MAPK13	90	61	-9.659066305619765	0.00448
MAPK1IP1L	90	47	-14.36209184240904	0.00059
MAPK9	90	39	1.0949297518315517	0.59425
MAPKAPK2	90	44	-9.75019023226689	0.01425
MAPKAPK3	90	49	0.7446814000207997	0.57406
MAPKAPK5	90	52	-11.596903053794497	0.00237
MAST2	90	70	-16.862500624005385	1e-05
MAT2A	90	55	-12.552825370225607	0.00068
MBNL1	90	54	-21.947960970046726	1e-05
MBNL2	90	40	1.428961537831467	0.62442
MBOAT7	90	42	-11.111975224665942	0.00743
MBTPS1	90	40	-1.3590724705170214	0.38098
MCM3	90	60	-21.225392367903407	1e-05
MCOLN1	90	55	-10.797650143376682	0.00286
ME2	90	24	0.4258055951243676	0.52589
MEF2C	90	57	-2.2559840059524494	0.27395
MELK	90	64	-21.342816864459948	1e-05
MEST	90	29	4.9750951986252545	0.82633
METRN	90	32	-9.34566783295931	0.03637
MFSD10	90	41	0.6423357453473857	0.55403
MICALL1	90	48	-6.310054865346994	0.06524
MIF	90	46	-14.527932159531302	0.00045
MKNK1	90	43	1.4818755146422764	0.63434
MLEC	90	53	-26.734398297164862	1e-05
MLLT11	90	51	-21.992498423954487	1e-05
MMP1	90	46	-5.1763767295845104	0.11052
MMP2	90	36	2.538574064887518	0.70614
MNAT1	90	67	-14.358085311481826	1e-05
MOK	90	44	-8.826576108464653	0.02273
MPZL1	90	53	-15.262012472165766	0.0001
MRPL12	90	62	-16.466388246349567	1e-05
MRPL19	90	59	-10.090507398010905	0.00362
MRPS16	90	32	-3.3839343942644096	0.25317
MRPS2	90	43	-4.444486322952627	0.15495
MSH6	90	64	-12.624114541843394	0.00025
MSRA	90	32	6.46183606850665	0.89714
MTA1	90	38	-5.55898788151942	0.11637
MTERFD1	90	47	-13.08148863308771	0.00142
MTF2	90	55	-17.663560132844708	1e-05
MTFR1	90	41	3.985064268921426	0.813
MTHFD2	90	60	-21.398492924394287	1e-05
MUC1	90	49	-6.480144476553109	0.05887
MVP	90	21	-1.7002807320402558	0.39184
MYBL2	90	67	-21.730223965760437	1e-05
MYC	90	24	-13.068411306343231	0.01714
MYCBP	90	53	-15.906567847974467	7e-05
MYCBP2	90	56	-1.9967688351745487	0.30142
MYL9	90	52	1.3547388981942154	0.6346
MYLK	90	59	2.9696472167493773	0.78656
MYO10	90	62	-17.859471589778533	1e-05
NARFL	90	44	1.0121759417553349	0.59483
NCAPD2	90	48	-1.3878478422081264	0.36966
NCK1	90	34	0.7362881729110847	0.55965
NCK2	90	54	-5.93670496210235	0.06484
NCOA3	90	27	-2.3996307433201762	0.32875
NENF	90	30	1.5994534137192287	0.62319
NET1	90	40	-19.97210475757864	2e-05
NFATC3	90	54	-13.414107074820182	0.0004
NFATC4	90	49	4.287295891055887	0.85196
NFE2L2	90	51	-4.419322936930897	0.13603
NFIL3	90	56	-9.777677268660373	0.00588
NFKB2	90	32	4.026321080748661	0.78855
NFKBIA	90	33	-4.478104647339027	0.18441
NFKBIB	90	58	-15.07202941763257	8e-05
NFKBIE	90	57	-4.690745818928134	0.10683
NGRN	90	43	-5.200873617055131	0.11878
NIPSNAP1	90	26	-5.953146349939955	0.14661
NISCH	90	32	-4.564856098045835	0.18627
NIT1	90	38	1.891523791892453	0.65832
NMT1	90	46	4.005101771239392	0.83005
NNT	90	41	-1.3820182012125748	0.37477
NOL3	90	31	-0.6000794395759487	0.45154
NOLC1	90	53	-23.388700075178168	1e-05
NOS3	90	46	-0.4550466903982189	0.45794
NOSIP	90	39	2.5527397705086368	0.71147
NOTCH1	90	53	1.7528569069108693	0.67335
NPC1	90	47	-10.637715422495527	0.00699
NPDC1	90	21	-0.9338115775139725	0.44118
NPEPL1	90	36	-2.7810571976228986	0.28027
NPRL2	90	31	-0.37883556258495826	0.46917
NR1H2	90	49	-9.15252315482884	0.01368
NR2F6	90	47	-23.898167498208725	1e-05
NR3C1	90	60	-0.6946076009771053	0.42523
NRAS	90	49	-9.050650761805917	0.01466
NRIP1	90	61	-7.669135545317012	0.01826
NSDHL	90	40	-1.0505150143141344	0.40723
NT5DC2	90	48	-18.610617030866955	3e-05
NUCB2	90	57	-13.720909136158307	0.00022
NUDCD3	90	33	-1.1296169436084549	0.41005
NUDT9	90	53	-5.246035616154314	0.09132
NUP133	90	36	0.9991176972566231	0.58596
NUP62	90	65	-19.16772535484405	1e-05
NUP85	90	55	-17.66728119763747	1e-05
NUP88	90	58	-22.06522029967787	1e-05
NUP93	90	55	-25.706298371656548	1e-05
NUSAP1	90	54	-12.494188513436578	0.00079
NVL	90	28	3.1931012107995826	0.72496
ORC1	90	43	-1.7113123726340937	0.34742
OXA1L	90	33	-2.547915162245589	0.30234
OXCT1	90	52	-12.11509391476058	0.00158
OXSR1	90	51	-5.194704022766057	0.09863
P4HA2	90	54	-12.118105898097312	0.00112
P4HTM	90	42	5.024369484119537	0.87281
PACSIN3	90	44	-20.573897827190823	2e-05
PAF1	90	46	1.7945746705347638	0.66715
PAFAH1B1	90	31	0.5907310816781957	0.54573
PAFAH1B3	90	53	-7.313326239285467	0.03208
PAICS	90	58	-19.76428814656859	1e-05
PAK1	90	59	-7.6852313392600395	0.02012
PAK4	90	54	-11.62630046663953	0.00176
PAK6	90	50	-10.31908815745536	0.00628
PAN2	90	37	-7.462993791028223	0.05887
PAPD7	90	44	0.40825558258533073	0.53879
PARP1	90	70	-20.73235472406329	1e-05
PARP2	90	54	-17.5484899853693	3e-05
PAX8	90	36	1.8336295324312029	0.65287
PCBD1	90	23	1.745988193175	0.61517
PCCB	90	32	-8.260918000066134	0.05579
PCK2	90	32	0.6204867425760773	0.55053
PCM1	90	48	-18.200399724127664	3e-05
PCMT1	90	52	-8.500648983630532	0.01699
PCNA	90	46	-24.372954001255593	1e-05
PDGFA	90	57	-19.100770827034488	1e-05
PDHX	90	55	5.802300807401079	0.93293
PDIA5	90	65	-7.237807650194879	0.0208
PDLIM1	90	47	1.6611569709551053	0.65569
PDS5A	90	54	-16.937292818138115	3e-05
PECR	90	49	1.6374359897795172	0.65752
PEX11A	90	55	-7.981633518027494	0.02
PFKL	90	68	-7.745666636309778	0.01254
PGAM1	90	50	-24.742967540480944	1e-05
PGM1	90	51	-10.137363392680728	0.00686
PGRMC1	90	60	-13.177527191372478	0.00014
PHF15	90	63	-15.151773514895208	3e-05
PHGDH	90	56	-26.820444677732503	1e-05
PHKA1	90	35	2.3113173944334617	0.68427
PHKB	90	28	-1.8911567332424997	0.36222
PHKG2	90	46	3.4112926036378517	0.79274
PIGB	90	36	-2.4165712162036295	0.30626
PIH1D1	90	42	-6.375033304633872	0.07644
PIK3C2B	90	38	-1.1347983493042422	0.40105
PIK3C3	90	37	-0.24043162475188856	0.48216
PIK3CA	90	27	5.493489194610339	0.84037
PIK3R3	90	65	-6.915944714297109	0.02573
PIK3R4	90	55	-21.66962836871925	1e-05
PIN1	90	37	5.438808340431703	0.87659
PIP4K2B	90	55	-7.835185556668583	0.02164
PKIG	90	31	-7.488594456362865	0.07561
PLA2G15	90	40	-6.737297535449488	0.06933
PLA2G4A	90	35	2.07636214400962	0.66664
PLCB3	90	58	-4.322937899311649	0.12365
PLEKHJ1	90	51	-5.696620781392591	0.07904
PLEKHM1	90	31	5.338750737208885	0.8484
PLK1	90	44	-21.669974304965567	1e-05
PLOD3	90	57	-16.002172062784215	3e-05
PLP2	90	39	-10.068576948892947	0.01602
PLS1	90	62	-9.974750269766067	0.00285
PLSCR1	90	60	-14.78076391314196	1e-05
PLSCR3	90	41	0.26717180971812743	0.52049
PMAIP1	90	51	-18.38141913454907	2e-05
PMM2	90	41	3.5608919687779346	0.78578
PNKP	90	36	-7.620100550961065	0.05876
PNP	90	48	-22.200447024741585	1e-05
POLB	90	35	-0.46382679276748584	0.46145
POLD4	90	21	7.548097412118921	0.88332
POLE2	90	55	-27.61489177210523	1e-05
POLG2	90	43	3.6316390659363944	0.79853
POLR1C	90	42	4.354875128419615	0.83843
POLR2I	90	41	-16.33184599793181	0.0002
POLR2K	90	46	-25.06480633762747	1e-05
POP4	90	50	-11.408634167124752	0.00295
PPARD	90	60	-6.668837973024422	0.03601
PPARG	90	47	-22.75540947042369	1e-05
PPIC	90	47	0.7868016900923865	0.57487
PPIE	90	37	-11.486831062619446	0.00918
PPOX	90	26	1.916682762558759	0.63551
PPP1R13B	90	59	1.1830911887848754	0.62649
PPP2R3C	90	37	-3.216714833442987	0.24791
PPP2R5A	90	28	-0.24294342771453917	0.48317
PPP2R5E	90	35	5.536642409447495	0.8729
PRAF2	90	25	-4.491886762893808	0.21653
PRCP	90	34	-0.8963190453689429	0.42553
PRKACA	90	41	-8.869792497292975	0.02528
PRKAG2	90	64	-13.786441377482461	3e-05
PRKCD	90	47	-14.832374558947162	0.00038
PRKCH	90	66	-11.253961179815072	0.00065
PRKCQ	90	47	0.1803477109302845	0.51715
PRKX	90	38	-5.2313717345995885	0.12979
PROS1	90	48	-2.02985895918992	0.31394
PRPF4	90	39	-15.317372224732699	0.00077
PRR15L	90	47	4.46528877228666	0.85714
PRR7	90	44	-1.309520065981847	0.38037
PRSS23	90	37	-7.735982008409299	0.05255
PRUNE	90	57	-12.786933622084899	0.00052
PSIP1	90	45	-7.36468351161851	0.0432
PSMB10	90	28	5.851123414678132	0.85911
PSMB8	90	18	0.12201680778210497	0.50812
PSMD10	90	60	-6.490537023156231	0.0401
PSMD2	90	60	-15.040694849150068	1e-05
PSMD4	90	43	1.8729745023801152	0.6676
PSMD9	90	44	-2.558336559203309	0.2762
PSME1	90	26	2.572751039104951	0.67916
PSME2	90	38	-16.67684216657118	0.00044
PSMF1	90	40	0.9963518853194843	0.58759
PSMG1	90	63	-11.631365310825487	0.0007
PSRC1	90	62	-17.5758586420768	1e-05
PTGS2	90	54	-6.7189738239435615	0.04308
PTK2	90	39	0.7773454663638142	0.5676
PTK2B	90	40	2.7153406245510414	0.72648
PTPLAD1	90	51	-12.560880739652918	0.00123
PTPN1	90	47	-12.176148776451589	0.00273
PTPN12	90	56	-12.672149169382958	0.00074
PTPN6	90	51	-5.467614787317577	0.08751
PTPRC	90	34	3.280375465478728	0.74997
PTPRF	90	40	5.4371327433768055	0.88608
PTPRK	90	41	3.463892260129217	0.77912
PUF60	90	50	-9.729306261211972	0.00915
PWP1	90	38	-14.561458159301367	0.00157
PXMP2	90	58	-19.018468100820137	1e-05
PXN	90	44	-12.606538095256257	0.00257
PYCR1	90	43	-16.030213060008435	0.00023
PYGL	90	35	-5.493488702139385	0.13042
RAB11FIP2	90	32	-9.612298514963634	0.03275
RAB21	90	43	0.03205332172030613	0.50355
RAB27A	90	42	-8.201798807459566	0.03441
RAB31	90	54	3.341842684760625	0.80633
RAB4A	90	43	-10.311245079143431	0.01029
RAC2	90	56	-13.343974389390919	0.00031
RAD51C	90	52	-16.889357607248364	1e-05
RAD9A	90	61	-10.319200561814295	0.00261
RAE1	90	53	-23.058066809724338	1e-05
RAI14	90	41	4.048560336298671	0.81663
RALA	90	48	-7.376133027804478	0.03915
RALB	90	52	-10.4256842744484	0.00499
RALGDS	90	32	-5.871666067638674	0.12582
RAP1GAP	90	46	-0.47970003400209327	0.45573
RASA1	90	60	-1.5143319368491444	0.33928
RB1	90	50	2.0407470959783494	0.69332
RBKS	90	37	-2.079726594099726	0.33186
RBM15B	90	37	2.3886381915571033	0.69668
RBM34	90	25	-3.5016555029439638	0.27035
RBM6	90	50	-4.631260062321674	0.12604
REEP5	90	52	-2.5044195287646382	0.26412
RELB	90	54	-6.1185450661051375	0.05894
RFC2	90	49	-18.27469549212604	1e-05
RFC5	90	59	-19.66062459869288	1e-05
RFNG	90	34	3.5353730417902587	0.76617
RFX5	90	31	-10.989861888911841	0.0194
RGS2	90	59	-11.970580047284093	0.00075
RHEB	90	49	-18.11032927623401	1e-05
RHOA	90	60	-8.14692654921489	0.01404
RNF167	90	33	5.61584036417157	0.86814
RNH1	90	27	4.245662200372042	0.78002
RNMT	90	39	-18.662912077776753	7e-05
RNPS1	90	62	-14.246684670696755	4e-05
RPA1	90	65	-19.825730987064784	1e-05
RPA2	90	53	-21.919154664896865	1e-05
RPA3	90	50	-22.166317756758573	1e-05
RPIA	90	53	-10.023450326103875	0.00607
RPL39L	90	54	-21.800628516941604	1e-05
RPN1	90	48	-28.370643108939085	1e-05
RPP38	90	51	-13.69582219179997	0.00059
RPS5	90	48	-2.6393773121666055	0.26323
RPS6	90	43	-2.734885552204331	0.26512
RPS6KA1	90	52	-9.932683099979045	0.00683
RRAGA	90	31	-6.440583211302285	0.10644
RRP12	90	41	3.086781894569171	0.75302
RRP1B	90	52	-19.867564671968445	1e-05
RRP8	90	54	-16.858535091698894	3e-05
RRS1	90	60	-13.157335708473882	0.00014
RSU1	90	54	-16.889206080814013	3e-05
RTN2	90	33	0.01653325212171402	0.50257
RUVBL1	90	54	-25.189874058566957	1e-05
S100A13	90	34	-5.340969836547109	0.14081
S100A4	90	26	-16.657558428069414	0.00319
SACM1L	90	42	-12.819998899349867	0.00287
SATB1	90	44	1.1657249436964978	0.6084
SCAND1	90	27	0.3871130692923051	0.52925
SCARB1	90	42	-6.355499619463363	0.07716
SCCPDH	90	27	2.084120650203233	0.64958
SCP2	90	42	1.6111329816066342	0.64386
SCRN1	90	39	-19.32827777729903	6e-05
SCYL3	90	42	-8.843684823218517	0.02478
SDHB	90	52	-20.92070195889728	1e-05
SENP6	90	36	2.312295467965568	0.68932
SERPINE1	90	52	-1.2001017102303173	0.37986
SESN1	90	46	-7.402286026275412	0.04137
SFN	90	60	2.0718614769162205	0.71378
SGCB	90	53	-9.659895278418661	0.00784
SH3BP5	90	39	0.41760413628712795	0.53616
SHB	90	43	0.8091223129743622	0.57411
SHC1	90	38	-1.7840291506202999	0.34786
SIRT3	90	60	-2.541378616961547	0.24479
SKIV2L	90	51	1.5155422572694903	0.64786
SKP1	90	52	-7.919736225153253	0.02427
SLC11A2	90	45	-5.836029855347046	0.08693
SLC1A4	90	48	-9.895713884301323	0.00937
SLC25A13	90	51	-20.125240751792266	1e-05
SLC25A14	90	61	0.2376376186387393	0.52513
SLC25A4	90	24	-3.577195652950164	0.26456
SLC25A46	90	34	1.0376116413595773	0.58399
SLC27A3	90	31	3.9003671042980126	0.77597
SLC2A6	90	39	4.855074436159658	0.85492
SLC35A1	90	38	-1.7670457347558641	0.34915
SLC35A3	90	36	-2.8247688942430917	0.27703
SLC35B1	90	58	-19.711087954010022	1e-05
SLC35F2	90	46	-17.458260797281923	4e-05
SLC37A4	90	53	-18.074882500282673	2e-05
SLC5A6	90	61	-20.4387443119031	1e-05
SMAD3	90	51	-16.772732557202634	5e-05
SMARCA4	90	61	-21.627669515053114	1e-05
SMARCC1	90	46	1.4433757881973386	0.6363
SMARCD2	90	37	-10.987511167057496	0.01191
SMC1A	90	58	-2.050612975048047	0.2929
SMC3	90	48	-12.771301732198202	0.00126
SMC4	90	70	-25.65336203186186	1e-05
SMNDC1	90	48	-26.029385752368366	1e-05
SNAP25	90	66	-5.296652351235476	0.06654
SNCA	90	25	1.2778421754463398	0.59019
SNX11	90	54	-10.479680566576441	0.00408
SNX13	90	36	1.6899052355620061	0.64171
SNX6	90	29	-1.4562751946551944	0.39107
SNX7	90	52	-0.4869477123160908	0.45014
SOCS2	90	46	2.5503742589964813	0.72888
SORBS3	90	48	-1.1524326610344287	0.39173
SOX2	90	50	-7.865762652424629	0.02762
SOX4	90	43	-5.26176872489188	0.11589
SPAG4	90	49	-15.133730235478303	0.00012
SPAG7	90	37	4.332607255882029	0.82318
SPDEF	90	44	1.0891238678598387	0.60177
SPEN	90	38	-4.621114233450406	0.15858
SPP1	90	63	-7.266305587329206	0.02277
SPR	90	35	-0.9386561590013379	0.42198
SPRED2	90	38	-5.012111771246782	0.1393
SPTAN1	90	55	-28.7901147846408	1e-05
SPTLC2	90	56	-11.747411754949338	0.0014
SQRDL	90	53	4.620606947889632	0.87897
SQSTM1	90	31	2.606223127770472	0.69437
SRC	90	55	-6.8875190313618235	0.03784
SSBP2	90	46	-8.189852990701368	0.02769
ST3GAL5	90	46	-5.493836619378458	0.09724
ST6GALNAC2	90	59	3.3394492101761997	0.81475
ST7	90	57	-23.29198655847358	1e-05
STAMBP	90	36	-1.0449294797685926	0.4143
STAP2	90	47	3.4071933012225837	0.79292
STAT1	90	52	-9.287719500145538	0.01052
STAT3	90	60	-6.826977737548538	0.03273
STAT5B	90	46	0.5219498759060897	0.55066
STK10	90	62	-6.715980934704429	0.0323
STK25	90	39	-4.580548818180543	0.15851
STMN1	90	60	-28.036386421374566	1e-05
STUB1	90	26	-2.183091433066581	0.34961
STX1A	90	43	-18.869284197055904	3e-05
STX4	90	26	4.015529135511656	0.76492
STXBP1	90	45	-13.694653362191708	0.00097
STXBP2	90	40	-0.2529836326864868	0.47749
SUPV3L1	90	34	1.1596980814970703	0.59374
SUV39H1	90	67	-22.664134683737107	1e-05
SUZ12	90	64	-20.238668310321042	1e-05
SYK	90	45	-3.774587360251871	0.18667
SYNE2	90	54	-8.50362305501819	0.01589
SYNGR3	90	53	-9.181356263060078	0.01066
SYPL1	90	59	6.7122815057726095	0.96297
TARBP1	90	44	-9.27796624076363	0.0182
TATDN2	90	57	-20.398160322770277	1e-05
TBC1D9B	90	38	-2.4262863241272856	0.29684
TBP	90	55	-21.818890371096767	1e-05
TBPL1	90	51	-21.969564613895642	1e-05
TBX2	90	56	-17.12946155964465	1e-05
TBXA2R	90	48	0.8186049722619496	0.58158
TCEA2	90	29	-2.0627722325496887	0.34778
TCEAL4	90	37	-2.7802595350975277	0.27823
TCERG1	90	59	-20.54007855773555	1e-05
TCFL5	90	45	-1.3027515297135488	0.37817
TCTA	90	24	-1.063652931905356	0.42276
TCTN1	90	42	-1.1686201224215864	0.39518
TERF2IP	90	33	2.038240841767754	0.65911
TERT	90	42	4.442159721006146	0.84341
TES	90	30	2.582808293946068	0.69324
TESK1	90	36	8.069466733205418	0.9518
TEX10	90	33	-10.413307455175149	0.021
TFAP2A	90	39	3.334530647396357	0.76772
TFDP1	90	58	-29.176015943279644	1e-05
TGFB3	90	32	3.8715027617058113	0.78001
TGFBR2	90	65	-8.914801762635447	0.0061
THAP11	90	37	-0.4021903468795105	0.46815
TIAM1	90	53	-17.84295894848187	2e-05
TICAM1	90	51	-5.583855272935955	0.0834
TIMELESS	90	52	-22.46296719457515	1e-05
TIMM17B	90	41	0.12297184278198602	0.50778
TIMM22	90	44	0.5724343612195525	0.55381
TIMM9	90	42	-9.268748708482253	0.01999
TIMP2	90	39	0.16091583564438336	0.51396
TIPARP	90	30	-9.050221785178497	0.04548
TJP1	90	46	-5.85434078975454	0.0837
TLE1	90	56	-7.884367790741515	0.01923
TLK2	90	29	4.657914408895336	0.81102
TLR4	90	61	-16.00836134492838	1e-05
TM9SF2	90	46	-4.718597926227956	0.13154
TM9SF3	90	36	0.5869820369279439	0.55164
TMCO1	90	53	-13.649619229635029	0.00043
TMED10	90	33	7.301510083619595	0.92493
TMEM109	90	59	-28.771921192981285	1e-05
TMEM110	90	38	-9.956133221104876	0.0182
TMEM2	90	44	-30.849078154638303	1e-05
TMEM5	90	44	-9.018635997189897	0.02083
TMEM50A	90	48	-15.139871409868693	0.00012
TMEM97	90	50	-12.209866004359585	0.00154
TNFRSF21	90	35	3.469261293257997	0.76375
TNIP1	90	38	-2.1314704109231406	0.32032
TOMM34	90	32	-3.664715051118722	0.23647
TOMM70A	90	45	-1.79593350811206	0.33406
TOP2A	90	68	-23.12637488304892	1e-05
TOPBP1	90	44	-1.6616957035925928	0.34908
TOR1A	90	37	-8.068543027547692	0.04609
TP53	90	28	-4.172130176625224	0.22014
TP53BP1	90	47	-6.594827462175409	0.05922
TP53BP2	90	43	-1.4980075998747946	0.3658
TPD52L2	90	53	-18.23323622242125	2e-05
TPM1	90	48	-15.321909089319526	0.0001
TRAK2	90	50	-19.241707458699874	1e-05
TRAM2	90	55	-1.297809173069411	0.36354
TRAP1	90	47	-14.784598799567728	0.0004
TRAPPC3	90	42	-7.3002837953427715	0.05131
TRAPPC6A	90	26	-0.1936630477480581	0.4884
TRIB1	90	51	4.837856101623379	0.88521
TRIB3	90	44	2.2158388882780735	0.69783
TRIM13	90	39	-1.1713014649446873	0.3986
TRIM2	90	36	2.4335888583362695	0.69838
TSC22D3	90	48	0.33723437614745344	0.53519
TSEN2	90	60	-19.443528470486015	1e-05
TSKU	90	55	-6.0229677504751455	0.05972
TSPAN3	90	44	-5.398062263007621	0.10823
TSPAN4	90	39	5.422055650214284	0.88077
TSPAN6	90	61	-2.231029397485476	0.2709
TSTA3	90	39	-9.249582399608242	0.02393
TUBB6	90	55	-8.15540552990061	0.01786
TWF2	90	51	-11.802979034764661	0.0022
TXLNA	90	54	-14.034934094788698	0.00022
TXNDC9	90	45	-10.216070830657255	0.00951
TXNL4B	90	41	-5.100674548464718	0.12804
TXNRD1	90	44	-12.691859610732584	0.0024
UBE2A	90	43	-16.460864276141276	0.00017
UBE2C	90	63	-24.22414993364433	1e-05
UBE2J1	90	45	2.93743730358522	0.75232
UBE2L6	90	33	1.4474025049387198	0.61435
UBE3B	90	36	-8.258355354815835	0.04525
UBE3C	90	60	-12.036101098373425	0.00058
UBQLN2	90	54	-6.48530592364509	0.04849
UBR7	90	53	-20.379721671882898	1e-05
UFM1	90	31	-1.9309674814557225	0.352
UGDH	90	56	-0.8994259151616415	0.40762
USP1	90	58	-23.66511222139121	1e-05
USP14	90	46	-1.266520510052958	0.38132
USP22	90	54	-6.25943141202468	0.05464
USP6NL	90	41	1.022055392746213	0.58773
USP7	90	74	-18.68798470023855	1e-05
UTP14A	90	38	-11.586888618257463	0.0082
VAPB	90	57	-12.916877818012017	0.00045
VAT1	90	27	1.962488096108358	0.64102
VAV3	90	57	-1.2378075275963518	0.37029
VDAC1	90	45	2.0240443107097095	0.68079
VGLL4	90	45	-8.642675506310777	0.02311
VPS28	90	44	-12.507171398243283	0.00272
VPS72	90	45	1.3878527499399216	0.62645
WASF3	90	51	2.886683925488509	0.76432
WDR61	90	50	-21.203898193369408	1e-05
WDR67	90	36	2.1395541321303835	0.6769
WDR7	90	49	-1.68741344407513	0.34234
WDTC1	90	37	-6.039737059359955	0.10103
WFS1	90	50	-6.214728022999499	0.06288
WIPF2	90	34	-2.721283034524652	0.28744
WRB	90	63	-5.435538978070057	0.06699
XBP1	90	48	-14.976667116378753	0.00015
XPNPEP1	90	50	-6.1844940725268245	0.06368
XPO7	90	57	-4.265932151652303	0.12907
YKT6	90	60	-23.893396579291423	1e-05
YME1L1	90	45	-1.3669858371118753	0.37196
YTHDF1	90	50	-9.530719663876491	0.01024
ZDHHC6	90	57	-13.181910311460097	0.00036
ZFP36	90	31	3.976898226262867	0.78025
ZMIZ1	90	40	-2.9606204449565467	0.25511
ZMYM2	90	52	-14.659501136329684	0.00014
ZNF131	90	56	1.3463076203439857	0.63676
ZNF274	90	47	-4.870492887325953	0.1229
ZNF318	90	53	-5.012141339185426	0.10139
ZNF395	90	36	5.185413101266026	0.86251
ZNF451	90	48	-2.9914304035550185	0.23491
ZNF586	90	56	-7.674218120208391	0.02209
ZNF589	90	44	-3.367359648630854	0.21818
ZW10	90	40	0.9832642687892469	0.58655
